0 1
0 2
0 3
3 4
3 5
3 6
4 1
4 2
1 5
1 6
2 5
2 6
7 8
7 9
7 10
11 8
11 9
11 10
9 12
9 13
12 8
12 10
10 13
14 15
14 16
14 17
15 18
15 19
19 16
19 17
16 18
17 18
20 21
20 22
20 23
24 25
24 26
24 21
27 25
27 26
27 21
28 25
28 26
28 21
28 22
28 23
21 29
22 29
29 23
30 22
31 32
31 33
31 34
31 35
32 36
32 37
35 36
35 37
36 33
36 34
34 37
37 33
38 39
38 40
38 41
42 39
42 40
42 41
39 41
41 40
41 43
44 45
44 46
44 47
44 48
44 49
44 50
50 51
50 52
52 45
52 46
52 47
52 48
52 49
51 45
51 46
51 47
51 48
51 49
53 52
54 55
54 56
54 57
56 58
56 59
56 60
55 58
55 59
55 60
59 57
60 57
58 57
61 62
61 63
61 64
61 65
61 66
65 67
65 68
66 67
66 68
67 62
67 63
67 64
63 68
64 68
68 62
67 69
70 71
70 72
70 73
74 71
74 72
74 73
75 71
75 72
75 73
76 77
76 78
76 79
80 77
80 78
80 79
81 77
81 78
81 79
82 83
82 84
82 85
84 86
84 87
84 88
86 83
86 85
83 87
83 88
87 85
88 85
89 90
89 91
89 92
93 90
93 91
93 92
92 94
92 95
94 90
94 91
90 95
91 95
96 97
96 98
96 99
96 100
101 97
101 98
101 99
101 100
97 102
99 102
100 102
98 102
103 104
103 105
103 106
103 107
107 108
107 109
107 105
104 108
104 109
108 105
108 106
106 109
105 109
110 111
110 112
110 113
114 111
114 112
114 113
111 115
111 116
113 115
113 116
112 115
112 116
117 118
117 119
117 120
121 118
121 119
121 120
118 122
118 123
118 119
118 120
123 119
123 120
119 122
122 120
124 125
124 126
124 127
124 128
126 129
126 128
129 125
129 127
128 125
128 127
130 129
131 132
131 133
131 134
131 135
134 136
134 137
135 136
135 137
132 136
132 137
137 133
136 133
138 139
138 140
138 141
142 139
142 140
142 143
144 145
144 146
144 147
148 139
148 140
148 149
148 150
148 151
148 152
148 153
148 154
155 139
155 140
155 156
157 139
157 140
157 158
159 160
159 161
159 162
163 164
163 165
163 166
167 139
167 140
167 168
169 170
169 171
169 172
173 139
173 140
173 174
175 139
175 140
175 176
175 177
175 178
175 179
175 180
181 139
181 140
181 182
183 139
183 140
183 184
185 139
185 140
185 186
187 139
187 140
187 188
187 189
187 190
187 191
187 192
187 193
187 194
195 139
195 140
195 196
197 198
197 199
197 200
197 201
197 202
203 139
203 140
203 2
204 139
204 140
204 205
206 139
206 140
206 207
208 139
208 140
208 209
210 139
210 140
210 211
212 139
212 140
212 213
214 215
214 216
214 217
214 218
214 219
214 220
221 139
221 140
221 222
223 139
223 140
223 224
225 139
225 140
225 226
227 228
227 229
227 230
231 139
231 140
231 232
233 139
233 140
233 234
235 139
235 140
235 174
236 139
236 140
236 237
238 239
238 240
238 241
238 242
238 243
238 244
238 245
238 246
238 247
238 248
249 139
249 140
249 250
251 139
251 140
251 252
251 253
254 255
254 256
254 257
258 139
258 140
258 259
260 139
260 140
260 261
220 139
220 140
262 139
262 140
262 263
262 264
265 139
265 140
265 266
267 139
267 140
267 268
269 139
269 140
269 270
72 139
72 140
72 271
72 272
72 273
274 139
274 140
274 275
276 277
276 278
276 279
193 139
193 140
280 281
280 282
280 283
284 139
284 140
284 285
286 287
286 288
286 289
290 139
290 140
290 291
292 139
292 140
292 293
294 139
294 140
294 209
295 139
295 140
295 296
297 139
297 140
297 298
299 139
299 140
299 300
301 139
301 140
301 302
303 139
303 140
303 304
305 139
305 140
305 306
307 139
307 140
307 308
309 310
309 311
309 312
313 139
313 140
313 302
314 139
314 140
314 315
316 317
316 318
316 319
316 320
316 321
322 139
322 140
322 323
322 324
325 139
325 140
325 326
327 139
327 140
327 328
329 139
329 140
329 300
330 139
330 140
330 331
330 332
330 333
330 334
330 335
336 337
336 338
336 339
340 139
340 140
340 341
342 343
342 344
342 345
346 347
346 348
346 349
232 350
232 351
352 353
352 354
352 355
356 139
356 140
356 357
358 139
358 140
358 328
359 139
359 140
359 360
361 139
361 140
361 362
363 139
363 140
363 364
365 139
365 140
365 366
367 139
367 140
367 368
369 370
369 371
369 372
369 373
369 374
375 139
375 140
375 376
377 139
377 140
377 378
379 139
379 140
379 380
381 139
381 140
381 382
383 139
383 140
383 384
385 139
385 140
385 386
387 139
387 140
387 237
388 139
388 140
388 389
374 390
374 391
392 139
392 140
392 393
394 139
394 140
394 380
395 139
395 140
395 396
397 139
397 140
397 398
399 139
399 140
399 400
399 401
399 402
403 370
403 371
403 404
403 372
405 139
405 140
405 406
407 139
407 140
407 408
409 139
409 140
409 410
411 139
411 140
411 412
413 414
413 415
413 416
417 139
417 140
417 418
419 420
419 421
419 422
419 423
419 424
425 139
425 140
425 426
427 428
427 390
427 429
430 139
430 140
430 431
432 139
432 140
432 433
434 139
434 140
434 435
436 139
436 140
436 437
438 139
438 140
438 384
439 139
439 140
439 300
440 139
440 140
440 304
441 139
441 140
441 442
443 139
443 140
443 302
444 139
444 140
444 445
446 139
446 140
446 447
448 139
448 140
448 449
450 139
450 140
450 451
452 139
452 140
452 453
454 139
454 140
454 300
271 139
271 140
455 139
455 140
455 376
456 139
456 140
456 457
456 458
456 459
456 460
461 139
461 140
461 462
463 139
463 140
463 464
463 465
463 466
463 467
468 139
468 140
468 469
470 471
470 472
470 473
474 139
474 140
474 475
476 139
476 140
476 477
478 139
478 140
478 479
320 480
320 481
320 319
320 482
320 483
320 484
320 485
320 486
487 139
487 140
487 488
273 139
273 140
489 139
489 140
489 291
490 139
490 140
490 491
492 493
492 494
492 495
492 496
497 139
497 140
497 498
499 139
499 140
499 500
501 139
501 140
501 502
503 139
503 140
503 504
503 505
506 139
506 140
506 507
508 139
508 140
508 509
510 139
510 140
510 186
511 139
511 140
511 512
511 513
511 514
511 515
511 516
517 139
517 140
517 518
519 139
519 140
519 504
520 139
520 140
520 341
521 139
521 140
521 522
523 139
523 140
523 522
524 139
524 140
524 525
526 527
526 528
526 529
530 139
530 140
530 378
531 532
531 533
531 534
317 535
317 536
317 537
317 538
539 139
539 140
539 540
541 139
541 140
541 542
543 544
543 545
543 546
547 139
547 140
547 410
548 139
548 140
548 549
550 139
550 140
550 551
552 139
552 140
552 393
553 554
553 555
553 556
557 139
557 140
557 558
559 139
559 140
559 560
561 139
561 140
561 562
563 564
563 565
563 566
567 139
567 140
567 568
569 139
569 140
569 570
424 139
424 140
571 572
571 573
571 574
575 139
575 140
575 576
577 139
577 140
577 578
579 139
579 140
579 580
581 139
581 140
581 582
13 139
13 140
583 584
583 585
583 586
583 587
583 588
583 589
583 590
591 139
591 140
591 592
495 593
495 594
495 595
495 596
495 597
598 139
598 140
598 599
600 139
600 140
600 406
601 139
601 140
601 602
603 139
603 140
603 433
604 139
604 140
604 605
606 139
606 140
606 607
608 609
608 610
608 611
608 612
608 613
614 139
614 140
614 615
616 139
616 140
616 617
618 139
618 140
618 619
618 620
618 621
466 622
466 623
624 625
624 626
624 627
628 139
628 140
628 437
629 139
629 140
629 630
631 139
631 140
631 380
632 139
632 140
632 633
318 480
318 481
318 634
318 535
318 536
318 635
636 637
636 638
636 639
636 640
636 641
642 643
642 644
642 645
646 647
646 648
646 649
650 139
650 140
650 651
652 139
652 140
652 653
652 654
655 139
655 140
655 656
655 657
658 139
658 140
658 250
479 659
479 660
661 139
661 140
661 184
662 139
662 140
662 285
663 139
663 140
663 664
665 139
665 140
665 525
30 139
30 140
168 666
168 667
668 139
668 140
668 669
670 671
670 672
670 673
670 674
670 675
676 139
676 140
676 291
677 139
677 140
677 596
678 139
678 140
678 679
678 680
678 681
678 171
678 172
682 139
682 140
682 683
684 685
684 686
684 687
684 688
684 689
684 690
691 139
691 140
691 692
693 139
693 140
693 293
694 139
694 140
694 302
695 139
695 140
695 696
697 139
697 140
697 102
698 139
698 140
698 449
699 139
699 140
699 237
700 139
700 140
700 701
700 702
703 139
703 140
703 704
705 139
705 140
705 706
705 707
708 139
708 140
708 544
708 709
708 710
708 711
708 712
582 713
582 714
582 715
582 716
582 717
582 718
582 719
720 139
720 140
720 721
720 722
723 724
723 725
723 726
727 139
727 140
727 500
728 139
728 140
728 729
730 139
730 140
730 605
731 732
731 733
731 734
735 736
735 737
735 738
735 739
735 740
735 741
742 139
742 140
742 743
744 139
744 140
744 745
746 139
746 140
746 747
748 749
748 750
748 751
752 753
752 754
752 755
752 756
752 757
758 139
758 140
758 759
760 139
760 140
760 237
761 139
761 140
761 602
762 139
762 140
762 763
764 139
764 140
764 765
766 139
766 140
766 433
767 139
767 140
767 768
769 139
769 140
769 602
770 139
770 140
770 771
772 139
772 140
772 771
773 774
773 775
773 776
773 777
773 778
773 779
773 780
781 782
781 783
781 784
785 139
785 140
785 786
787 139
787 140
787 788
787 789
787 790
787 791
792 139
792 140
792 793
794 139
794 140
794 795
794 796
794 797
794 798
794 799
800 139
800 140
800 801
802 139
802 140
802 602
803 139
803 140
803 410
804 805
804 806
804 807
804 808
804 809
804 810
804 811
804 812
804 813
804 814
815 139
815 140
815 816
817 139
817 140
817 664
818 139
818 140
818 328
207 819
207 820
207 821
822 823
822 824
822 825
822 826
827 139
827 140
827 828
829 139
829 140
829 435
830 831
830 832
830 833
834 139
834 140
834 835
836 139
836 140
836 525
837 139
837 140
837 745
838 139
838 140
838 445
839 139
839 140
839 840
841 685
841 686
841 687
841 688
841 842
843 139
843 140
843 302
844 845
844 846
844 847
844 848
844 849
844 850
851 139
851 140
851 852
853 139
853 140
853 304
854 855
854 856
854 857
858 859
858 860
858 861
756 862
756 863
756 864
756 865
756 866
867 139
867 140
867 596
868 139
868 140
868 384
869 139
869 140
869 870
871 139
871 140
871 222
872 139
872 140
872 873
874 139
874 140
874 759
875 139
875 140
875 876
877 139
877 140
877 878
879 139
879 140
879 226
880 139
880 140
880 881
882 139
882 140
882 426
883 139
883 140
883 884
885 139
885 140
885 886
887 139
887 140
887 888
889 139
889 140
889 890
259 139
259 140
259 891
259 892
259 893
259 894
259 895
259 896
259 897
259 898
259 899
259 900
259 901
259 902
259 903
259 904
259 905
259 906
259 907
259 908
909 139
909 140
909 910
911 912
911 913
911 914
915 916
915 917
915 918
915 919
915 920
915 921
915 922
915 923
915 924
915 925
926 139
926 140
926 927
928 139
928 140
928 929
930 139
930 140
930 793
931 139
931 140
931 570
932 139
932 140
932 237
933 139
933 140
933 689
934 139
934 140
934 935
936 937
936 938
936 939
936 940
321 480
321 481
321 319
321 482
321 483
941 139
941 140
941 942
707 943
707 944
707 945
946 139
946 140
946 224
947 139
947 140
947 948
949 950
949 951
949 952
953 139
953 140
953 954
955 956
955 957
955 958
959 139
959 140
959 960
961 139
961 140
961 789
961 962
961 963
961 964
965 139
965 140
965 966
967 139
967 140
967 968
967 396
967 969
967 970
971 139
971 140
971 972
533 973
533 974
533 688
533 975
533 976
533 689
533 690
977 139
977 140
977 285
978 139
978 140
978 300
979 980
979 981
979 982
983 139
983 140
983 751
984 985
984 986
984 987
277 139
277 140
277 278
277 988
989 139
989 140
989 990
991 139
991 140
991 992
993 139
993 140
993 692
994 995
994 996
994 997
998 139
998 140
998 507
999 139
999 140
999 1000
1001 139
1001 140
1001 542
1002 139
1002 140
1002 1003
1004 139
1004 140
1004 602
1005 139
1005 140
1005 1006
1005 594
1005 595
507 1007
1008 1009
1008 1010
1008 1011
1012 139
1012 140
1012 562
1013 139
1013 140
1013 1014
1015 139
1015 140
1015 1016
1017 139
1017 140
1017 1018
1019 139
1019 140
1019 502
962 1020
962 1021
962 1022
1023 139
1023 140
1023 1024
1025 139
1025 140
1025 602
1026 1027
1026 1028
1026 1029
1030 139
1030 140
1030 745
1031 170
1031 1032
1031 1033
1034 139
1034 140
1034 1035
1036 139
1036 140
1036 380
1037 1038
1037 1039
1037 1040
1041 139
1041 140
1041 488
935 1042
935 1043
1044 1045
1044 1046
1044 1047
1048 139
1048 140
1048 1049
1050 139
1050 140
1050 1051
1052 139
1052 140
1052 1053
1054 139
1054 140
1054 664
1055 139
1055 140
1055 410
1056 139
1056 140
1056 1057
1058 1059
1058 1060
1058 1061
1058 1062
1058 1063
1064 139
1064 140
1064 1065
1066 139
1066 140
1066 1067
1068 139
1068 140
1068 542
1069 139
1069 140
1069 619
1069 620
1069 621
1070 139
1070 140
1070 664
1071 139
1071 140
1071 1072
1073 139
1073 140
1073 1074
1075 139
1075 140
1075 605
1076 139
1076 140
1076 213
1077 139
1077 140
1077 1078
1077 1079
1077 1080
1077 1081
1077 1082
1077 1083
1077 1084
1077 1085
1077 1086
966 1087
966 1088
1089 139
1089 140
1089 275
1090 1091
1090 1092
1090 1093
1090 1094
1095 1096
1095 1097
1095 1098
1095 1099
1095 1100
1095 1101
1095 1102
1095 1103
1095 1104
435 1105
435 1106
435 1107
435 1108
435 1109
435 1110
435 1111
435 1112
435 1113
435 1114
796 139
796 140
1115 1116
1115 1117
1115 1118
1115 1119
1115 1120
1115 1121
1115 1122
1115 1123
1115 1124
1125 139
1125 140
1125 158
1126 1127
1126 1128
1126 1129
1126 1130
1126 1131
1132 139
1132 140
1132 196
1133 1134
1133 1135
1133 1136
194 139
194 140
1137 139
1137 140
1137 1138
1139 139
1139 140
1139 141
1140 139
1140 140
1140 1141
1142 139
1142 140
1142 1143
53 139
53 140
1144 139
1144 140
1144 331
1144 332
1144 333
1144 334
1144 335
1145 1146
1145 1147
1145 1148
1145 1149
1150 139
1150 140
1150 793
1151 139
1151 140
1151 1152
1153 139
1153 140
1153 1154
1153 1155
1156 139
1156 140
1156 1157
580 1158
580 1159
1160 1161
1160 1162
1160 1163
1164 139
1164 140
1164 793
1049 1165
1049 1166
1167 139
1167 140
1167 774
1167 775
1167 776
1167 777
1167 1168
1167 1169
1170 139
1170 140
1170 291
1171 139
1171 140
1171 211
1172 139
1172 140
1172 1173
1174 139
1174 140
1174 1175
1176 139
1176 140
1176 1177
447 1178
447 1179
1180 139
1180 140
1180 412
1181 1182
1181 1183
1181 1184
534 139
534 140
534 973
534 1185
534 974
534 975
534 976
1186 139
1186 140
1186 1187
1188 139
1188 140
1188 1189
1190 139
1190 140
1190 1191
1192 139
1192 140
1192 76
1193 139
1193 140
1193 302
1194 139
1194 140
1194 475
1195 139
1195 140
1195 1196
1197 139
1197 140
1197 1198
1197 1199
1200 139
1200 140
1200 1201
1202 139
1202 140
1202 960
1203 1204
1203 1205
1203 1206
1207 139
1207 140
1207 1208
1209 139
1209 140
1209 1210
1211 139
1211 140
1211 237
1212 139
1212 140
1212 633
19 1213
19 1214
1215 1216
1215 1217
1215 1218
1219 139
1219 140
1219 1220
1219 1221
1222 139
1222 140
1222 442
1223 139
1223 140
1223 1224
1223 1225
1223 1226
1223 1227
1223 1228
1223 1229
833 584
833 585
833 831
833 587
833 1230
1231 139
1231 140
1231 1232
1233 1234
1233 1235
1233 1236
1233 1237
1233 1238
806 139
806 140
1239 139
1239 140
1239 1240
1239 1241
1239 1242
1239 1243
1244 139
1244 140
1244 704
1245 139
1245 140
1245 1246
1247 139
1247 140
1247 1248
1249 139
1249 140
1249 1250
1249 968
1249 1251
1249 1252
1249 1253
919 139
919 140
1254 139
1254 140
1254 384
1255 139
1255 140
1255 771
1256 139
1256 140
1256 771
1257 139
1257 140
1257 1258
1259 139
1259 140
1259 1260
1261 139
1261 140
1261 669
1262 139
1262 140
1262 988
1263 139
1263 140
1263 873
1039 139
1039 140
1264 139
1264 140
1264 1265
1266 1267
1266 1268
1266 1269
1266 1270
1266 1271
1266 1272
1266 1273
952 139
952 140
1274 139
1274 140
1274 1275
1274 1276
1274 1277
1278 139
1278 140
1278 615
1279 1280
1279 1281
1279 1282
1283 1284
1283 1285
1283 1286
1287 139
1287 140
1287 1288
1159 139
1159 140
1289 139
1289 140
1289 1290
1291 139
1291 140
1291 1292
1293 139
1293 140
1293 362
1294 139
1294 140
1294 1295
1296 139
1296 140
1296 328
1129 139
1129 140
1297 1298
1297 1299
1297 679
1297 1300
1297 680
1297 1301
1297 1302
1303 139
1303 140
1303 793
1304 139
1304 140
1304 398
1305 139
1305 140
1305 174
1306 139
1306 140
1306 602
1307 1308
1307 1309
1307 1310
1307 1311
1307 1312
1307 1313
1307 1314
1307 1315
1307 1316
1307 1317
1318 139
1318 140
1318 237
1319 139
1319 140
1319 1320
1321 139
1321 140
1321 1322
1321 1323
1324 139
1324 140
1324 704
1325 139
1325 140
1325 37
1326 139
1326 140
1326 1327
1328 139
1328 140
1328 1329
200 139
200 140
1330 139
1330 140
1330 1331
1332 139
1332 140
1332 1208
1333 778
1333 780
1333 1169
1334 139
1334 140
1334 623
1335 139
1335 140
1335 1336
1335 1337
1335 1338
1335 1339
1335 1340
809 139
809 140
1341 139
1341 140
1341 1342
973 1343
973 532
973 1344
1345 139
1345 140
1345 888
1346 139
1346 140
1346 302
1347 139
1347 140
1347 1348
1347 1349
625 139
625 140
1350 139
1350 140
1350 664
1351 778
1351 780
1351 1169
1352 139
1352 140
1352 174
1353 139
1353 140
1353 184
1354 139
1354 140
1354 1355
1356 139
1356 140
1356 302
1357 139
1357 140
1357 840
335 1358
335 1359
335 1360
1361 139
1361 140
1361 1331
1362 139
1362 140
1362 1288
1363 139
1363 140
1363 801
1364 164
1364 166
1364 398
1365 139
1365 140
1365 1366
1365 1367
1365 1368
1365 1369
1365 1370
1365 1371
1365 1372
1365 1373
1365 1374
1375 139
1375 140
1375 1051
1376 139
1376 140
1376 102
1377 139
1377 140
1377 948
1378 139
1378 140
1378 1379
1380 139
1380 140
1380 1381
1273 1382
1273 1383
1273 1384
1385 139
1385 140
1385 692
1386 1387
1386 1388
1386 1389
1386 1390
1391 139
1391 140
1391 1392
1393 139
1393 140
1393 1394
1393 630
1395 139
1395 140
1395 1396
1397 1384
1397 1398
1397 1399
1400 139
1400 140
1400 384
1401 139
1401 140
1401 1402
1403 139
1403 140
1403 237
1404 401
1404 402
1404 1405
1404 1406
1404 1407
240 139
240 140
1408 139
1408 140
1408 793
1329 1409
1329 1410
1411 139
1411 140
1411 578
1412 139
1412 140
1412 1413
1269 1382
1269 1383
1269 1414
1269 1415
1134 139
1134 140
1416 139
1416 140
1416 1417
1418 139
1418 140
1418 1419
1420 139
1420 140
1420 1421
1420 1422
1337 264
1337 1423
1424 1425
1424 1426
1424 1427
1424 1428
1424 1429
1430 1431
1430 1078
1430 1432
1433 139
1433 140
1433 1355
1434 139
1434 140
1434 1435
1436 544
1436 1045
1436 1437
1436 1046
1436 1047
1436 1438
1439 139
1439 140
1439 1440
1441 139
1441 140
1441 1442
1443 139
1443 140
1443 226
1444 139
1444 140
1444 384
1445 139
1445 140
1445 1446
1447 139
1447 140
1447 988
1448 1449
1448 518
1448 1450
1451 139
1451 140
1451 1452
1453 139
1453 140
1453 1454
1455 139
1455 140
1455 1456
905 139
905 140
1457 572
1457 573
1457 574
1458 139
1458 140
1458 1459
1458 558
1460 139
1460 140
1460 1232
1461 139
1461 140
1461 1208
1462 139
1462 140
1462 1463
1464 139
1464 140
1464 1074
1465 139
1465 140
1465 1466
1467 139
1467 140
1467 1468
1467 1469
1184 139
1184 140
1470 139
1470 140
1470 1471
1472 1473
1472 1474
1472 1475
266 139
266 140
266 1476
266 1477
266 1478
266 1479
266 1480
1481 139
1481 140
1481 1435
1482 139
1482 140
1482 1483
1484 139
1484 140
1484 304
1485 139
1485 140
1485 211
1486 139
1486 140
1486 1487
1488 139
1488 140
1488 1489
725 139
725 140
1490 139
1490 140
1490 328
1491 139
1491 140
1491 1492
1493 1494
1493 1051
1493 1495
1496 139
1496 140
1496 768
1497 139
1497 140
1497 378
1498 139
1498 140
1498 1499
1500 139
1500 140
1500 1501
1502 139
1502 140
1502 1381
1503 139
1503 140
1503 1149
1504 139
1504 140
1504 968
1504 396
1504 969
1504 970
1505 139
1505 140
1505 302
483 319
1506 139
1506 140
1506 1507
821 139
821 140
1309 139
1309 140
759 1508
759 1509
759 1510
599 1511
599 1512
1513 139
1513 140
1513 692
333 1514
1515 139
1515 140
1515 156
1516 139
1516 140
1516 1187
278 279
1517 139
1517 140
1517 196
1277 1518
1277 1275
1277 1276
1277 1519
1520 139
1520 140
1520 1232
1521 139
1521 140
1521 1522
1523 139
1523 140
1523 509
1524 139
1524 140
1524 1525
1524 1526
1524 1527
1528 139
1528 140
1528 315
1529 139
1529 140
1529 1530
610 1020
610 1022
1531 139
1531 140
1531 156
1532 139
1532 140
1532 400
1532 401
1532 402
1533 139
1533 140
1533 683
1534 139
1534 140
1534 878
1535 139
1535 140
1535 1536
957 139
957 140
957 1537
957 958
1538 139
1538 140
1538 1539
1199 1540
1199 1541
1542 139
1542 140
1542 1543
1544 139
1544 140
1544 1545
1546 584
1546 498
1546 1547
1548 139
1548 140
1548 1549
1550 139
1550 140
1550 1551
1550 304
1550 1552
1553 1161
1553 1343
1553 1163
1553 1344
1554 139
1554 140
1554 298
1555 139
1555 140
1555 745
1556 139
1556 140
1556 1557
1556 1558
1556 1559
1560 139
1560 140
1560 1561
1562 139
1562 140
1562 1563
406 1564
406 1565
1566 139
1566 140
1566 1567
1559 1568
1559 1569
1570 139
1570 140
1570 852
1571 139
1571 140
1571 692
1572 139
1572 140
1572 304
1573 139
1573 140
1573 704
1574 139
1574 140
1574 211
1575 1576
1575 1577
1575 1578
1575 1579
1575 1580
1575 1581
423 139
423 140
423 420
423 421
423 422
1582 139
1582 140
1582 1583
310 139
310 140
1584 139
1584 140
1584 664
1349 1585
1349 1586
1349 1587
1588 1589
1588 1590
1588 1591
287 139
287 140
789 1592
789 1021
847 1593
847 1594
1595 139
1595 140
1595 635
1596 139
1596 140
1596 765
1597 139
1597 140
1597 237
1598 139
1598 140
1598 602
1599 139
1599 140
1599 1487
648 139
648 140
1600 139
1600 140
1600 418
467 622
467 623
1578 139
1578 140
1601 139
1601 140
1601 1501
1450 1602
1450 1603
1450 1604
1605 139
1605 140
1605 1016
1606 139
1606 140
1606 542
1607 139
1607 140
1607 1583
1537 956
1537 1608
810 139
810 140
1609 139
1609 140
1609 745
850 1610
850 1611
850 1594
1612 139
1612 140
1612 226
1613 139
1613 140
1613 704
863 1614
863 754
863 757
1615 139
1615 140
1615 302
1616 139
1616 140
1616 743
1617 139
1617 140
1617 1618
1619 1620
1619 1621
1619 825
1619 826
1622 139
1622 140
1622 1623
1624 139
1624 140
1624 1379
1625 139
1625 140
1625 1626
1627 1628
1627 1629
1627 1630
1631 139
1631 140
1631 491
1632 139
1632 140
1632 1633
1634 139
1634 140
1634 876
1635 1636
1635 842
1635 852
1637 1638
1637 1639
1637 1640
1637 1641
1637 1642
1637 1643
306 1644
306 1645
1646 139
1646 140
1646 1647
1648 139
1648 140
1648 704
891 139
891 140
1649 139
1649 140
1649 870
1650 139
1650 140
1650 453
1651 139
1651 140
1651 1652
1653 139
1653 140
1653 1654
1655 139
1655 140
1655 293
1656 1657
1656 1658
1656 1659
1660 139
1660 140
1660 398
1661 139
1661 140
1661 1662
1663 139
1663 140
1663 1138
846 1593
846 1594
1664 139
1664 140
1664 1665
1666 1667
1666 1668
1666 1669
1670 139
1670 140
1670 954
637 1671
637 1672
1673 139
1673 140
1673 384
1674 139
1674 140
1674 328
1675 544
1675 1045
1675 1437
1675 1046
1675 1047
1675 1438
1675 1676
1677 139
1677 140
1677 1678
1507 1679
1507 1680
1507 1681
348 347
348 349
907 139
907 140
1638 139
1638 140
334 1682
1683 139
1683 140
1683 1684
1685 139
1685 140
1685 747
1686 139
1686 140
1686 1567
823 337
823 1687
1688 139
1688 140
1688 380
1494 139
1494 140
1494 1689
1494 1690
779 139
779 140
779 1425
779 1426
779 1427
779 1428
779 1429
779 1691
1692 139
1692 140
1692 408
992 139
992 140
992 1693
992 1694
992 1695
1696 139
1696 140
1696 298
1697 139
1697 140
1697 1698
1699 139
1699 140
1699 1700
1701 139
1701 140
1701 537
597 1702
597 496
1703 139
1703 140
1703 302
1704 139
1704 140
1704 1705
1564 139
1564 140
1706 139
1706 140
1706 1707
1708 1709
1708 1710
1708 1711
1712 139
1712 140
1712 1713
711 1714
711 1715
1716 139
1716 140
1716 338
1717 139
1717 140
1717 1348
1518 139
1518 140
1718 139
1718 140
1718 546
1288 1719
1288 1720
1288 1721
1288 1722
1288 1723
1288 1724
1288 1725
1288 1726
1727 1006
1727 1728
1727 1729
1730 139
1730 140
1730 389
1731 139
1731 140
1731 1732
1731 1733
1731 1734
1731 1735
1731 1736
1737 1738
1737 1739
1737 1740
1741 139
1741 140
1741 988
542 1742
542 1743
542 1744
542 1745
542 1746
542 1747
542 1748
542 1749
542 1750
542 1751
542 1752
1753 370
1753 1754
1753 1755
1753 1756
1753 1757
1753 747
1758 139
1758 140
1758 326
1759 139
1759 140
1759 1760
1761 139
1761 140
1761 380
1224 139
1224 140
1224 1228
1224 1229
1762 1763
1762 1059
1762 1764
1762 1765
1766 139
1766 140
1766 768
291 1767
291 1768
291 1769
291 1770
291 1771
291 1772
291 1773
291 1774
291 1775
291 1776
291 1777
291 1778
291 1779
291 1780
291 1781
1782 139
1782 140
1782 1783
1784 139
1784 140
1784 1355
1785 139
1785 140
1785 382
386 1786
386 1787
1096 139
1096 140
1788 139
1788 140
1788 488
1789 139
1789 140
1789 1526
1790 139
1790 140
1790 1791
1792 139
1792 140
1792 832
923 139
923 140
1793 139
1793 140
1793 602
1794 139
1794 140
1794 431
1795 139
1795 140
1795 1796
690 1797
690 842
690 1798
690 1799
1800 139
1800 140
1800 1801
1800 174
1800 1802
1803 1804
1803 1805
1803 1806
230 139
230 140
230 229
230 525
1331 1807
1331 1808
1331 1809
1331 1810
1331 1811
1331 1812
1331 1813
1331 1814
1331 1815
1331 1816
1331 1817
1818 139
1818 140
1818 384
1136 139
1136 140
1819 139
1819 140
1819 1820
1072 1821
1072 1822
1072 1823
1072 1824
1072 1825
1826 139
1826 140
1826 382
1827 1828
1827 1829
1827 1830
1831 139
1831 140
1831 382
771 1832
771 1833
771 1834
771 1835
771 1836
1837 139
1837 140
1837 1698
1483 1838
1483 1839
1483 1840
1366 139
1366 140
1421 139
1421 140
1421 1841
1421 1842
1421 1843
1844 139
1844 140
1844 1626
1845 139
1845 140
1845 590
1846 139
1846 140
1846 211
1539 139
1539 140
1539 1847
1539 1848
1539 1849
1850 139
1850 140
1850 1851
1852 139
1852 140
1852 1853
1854 139
1854 140
1854 1855
1843 139
1843 140
1843 1422
1383 1271
1383 1272
1856 139
1856 140
1856 384
1857 139
1857 140
1857 1858
525 1859
525 1860
525 1861
525 1862
525 228
525 1863
1864 139
1864 140
1864 1865
1206 139
1206 140
1206 1866
1206 1867
1868 139
1868 140
1868 1869
1870 139
1870 140
1870 1858
1720 139
1720 140
1871 139
1871 140
1871 302
1872 139
1872 140
1872 1873
1872 592
1874 139
1874 140
1874 568
1875 139
1875 140
1875 304
1876 139
1876 140
1876 376
1877 139
1877 140
1877 1662
1878 139
1878 140
1878 315
1879 139
1879 140
1879 1155
845 1880
845 1593
845 1881
1342 1882
1342 1883
1884 1885
1884 1886
1884 1887
1888 1889
1888 1890
1888 1891
1317 139
1317 140
1892 139
1892 140
1892 1435
1893 139
1893 140
1893 211
1894 139
1894 140
1894 1895
1896 1897
1896 1898
1896 1899
1580 139
1580 140
1900 1901
1900 1902
1900 1903
1904 139
1904 140
1904 1905
1906 139
1906 140
1906 793
1907 139
1907 140
1907 285
1908 139
1908 140
1908 948
1909 139
1909 140
1909 1910
1911 139
1911 140
1911 1912
1913 139
1913 140
1913 410
1914 1915
1914 1916
1914 1652
918 139
918 140
1917 139
1917 140
1917 873
1918 139
1918 140
1918 1919
1920 139
1920 140
1920 328
1921 139
1921 140
1921 1922
1251 1923
1251 1924
1925 139
1925 140
1925 881
1926 139
1926 140
1926 954
1927 139
1927 140
1927 1928
1929 139
1929 140
1929 1626
1883 139
1883 140
1930 139
1930 140
1930 1931
1930 1932
1769 139
1769 140
1933 139
1933 140
1933 1934
1935 139
1935 140
1935 1936
1937 139
1937 140
1937 1938
1939 139
1939 140
1939 2
970 1940
1941 139
1941 140
1941 380
1083 1942
1083 1081
1083 1943
1640 139
1640 140
1944 139
1944 140
1944 1945
1946 139
1946 140
1946 1260
1947 139
1947 140
1947 1665
1270 1414
1270 1415
1948 139
1948 140
1948 1175
1949 139
1949 140
1949 1705
1949 1950
1951 139
1951 140
1951 1952
1951 1953
1951 1954
751 1955
751 1956
751 573
751 1957
751 1958
751 1959
1960 139
1960 140
1960 1961
1960 1962
1960 1963
1964 139
1964 140
1964 1965
1966 139
1966 140
1966 570
1967 139
1967 140
1967 488
1968 139
1968 140
1968 602
1945 1969
1945 1970
1971 139
1971 140
1971 1141
1972 139
1972 140
1972 237
1973 139
1973 140
1973 654
293 139
293 140
293 1974
293 1975
293 1976
1977 139
1977 140
1977 384
1978 139
1978 140
1978 1979
1980 139
1980 140
1980 1981
1982 139
1982 140
1982 389
1618 1983
1618 1984
1985 139
1985 140
1985 1522
1986 139
1986 140
1986 1987
1988 139
1988 140
1988 617
1111 139
1111 140
1989 139
1989 140
1989 1990
1382 1271
1382 1272
1991 139
1991 140
1991 285
1016 1992
180 139
180 140
1993 1240
1993 1241
1993 1242
1993 1243
1994 139
1994 140
1994 1995
1996 139
1996 140
1996 1997
256 139
256 140
1998 139
1998 140
1998 1419
1999 139
1999 140
1999 1654
2000 139
2000 140
2000 2001
2002 139
2002 140
2002 2003
1310 139
1310 140
968 1923
2004 139
2004 140
2004 2005
2006 139
2006 140
2006 2007
2008 139
2008 140
2008 373
2009 139
2009 140
2009 2010
719 139
719 140
2011 139
2011 140
2011 2012
2013 139
2013 140
2013 449
2014 139
2014 140
2014 2015
2016 2017
2016 2018
2016 2019
2020 139
2020 140
2020 2021
2022 2023
2022 2024
2022 2025
1246 2026
1246 2027
1246 2028
1246 2029
2030 139
2030 140
2030 1626
1700 2031
1700 2032
1700 2033
1700 2034
1700 2035
1700 2036
1700 2037
1700 2038
1700 2039
1700 2040
620 2041
2042 139
2042 140
2042 2043
2044 139
2044 140
2044 268
2045 139
2045 140
2045 765
2046 139
2046 140
2046 2047
2048 139
2048 140
2048 366
1797 688
1797 689
2049 2050
2049 2051
2049 2052
2053 139
2053 140
2053 304
2054 139
2054 140
2054 1446
2055 2056
2055 2057
2055 2058
2059 139
2059 140
2059 2060
528 139
528 140
2061 139
2061 140
2061 840
1931 2062
1931 2063
2064 139
2064 140
2064 578
2065 139
2065 140
2065 1965
1669 139
1669 140
2066 139
2066 140
2066 1489
2067 2068
2067 2069
2067 2070
2067 1912
2071 139
2071 140
2071 2060
2072 2073
2072 2068
2072 2074
2072 546
2075 139
2075 140
2075 2076
2077 139
2077 140
2077 174
2078 139
2078 140
2078 1522
2079 139
2079 140
2079 793
733 1714
733 2080
733 2081
733 2082
2083 139
2083 140
2083 226
2084 139
2084 140
2084 1053
2085 2086
2085 2087
2085 2088
2089 139
2089 140
2089 786
1108 139
1108 140
2090 139
2090 140
2090 1260
2091 139
2091 140
2091 1806
2092 2093
2092 2094
2092 2095
384 2096
384 2097
384 2098
384 2099
384 2100
384 2101
384 2102
384 2103
384 2104
384 2105
384 2106
384 2107
384 2108
384 2109
384 2110
384 2111
384 2112
384 2113
384 2114
384 2115
384 2116
384 2117
384 2118
384 2119
384 2120
384 2121
384 2122
384 2123
384 2124
2125 139
2125 140
2125 364
2126 139
2126 140
2126 793
573 2127
856 139
856 140
856 2128
856 2129
856 2130
2131 139
2131 140
2131 302
2132 778
2132 780
2132 1169
938 139
938 140
1724 139
1724 140
1671 139
1671 140
1671 465
1671 2128
1671 638
2133 139
2133 140
2133 522
2134 139
2134 140
2134 504
2135 139
2135 140
2135 2136
1721 139
1721 140
556 139
556 140
556 555
556 602
2137 139
2137 140
2137 298
2138 139
2138 140
2138 1563
2139 139
2139 140
2139 857
2140 139
2140 140
2140 1934
902 139
902 140
2141 139
2141 140
2141 174
2142 139
2142 140
2142 304
2143 2144
2143 264
2143 1423
2145 139
2145 140
2145 1446
2146 139
2146 140
2146 890
2147 139
2147 140
2147 211
2148 139
2148 140
2148 498
1694 139
1694 140
2149 139
2149 140
2149 2150
1728 1045
1728 2151
2152 139
2152 140
2152 2153
2154 139
2154 140
2154 174
897 139
897 140
1373 139
1373 140
1020 139
1020 140
1020 1067
1020 609
2155 139
2155 140
2155 927
621 2041
2156 139
2156 140
2156 1258
2157 139
2157 140
2157 876
1709 139
1709 140
1709 1710
1709 890
2158 139
2158 140
2158 881
724 139
724 140
2159 139
2159 140
2159 285
2160 139
2160 140
2160 2161
717 139
717 140
2162 139
2162 140
2162 380
2163 139
2163 140
2163 1895
1974 139
1974 140
2164 139
2164 140
2164 1290
515 2165
515 1657
2166 139
2166 140
2166 2167
1487 2168
1487 2169
1487 2170
1487 2171
1487 2172
1487 2173
1487 2174
2175 139
2175 140
2175 2176
2177 139
2177 140
2177 1295
2100 139
2100 140
2178 2179
2178 2180
2178 2181
2182 139
2182 140
2182 298
774 1691
2183 2184
2183 2185
2183 2186
312 139
312 140
2187 139
2187 140
2187 143
170 2188
626 139
626 140
2189 139
2189 140
2189 2190
2189 2191
2192 139
2192 140
2192 285
2193 139
2193 140
2193 2194
2195 139
2195 140
2195 2196
2197 2198
2197 2199
2197 2200
2197 2201
2197 2202
2197 2203
2197 2204
2197 2205
2197 2206
2197 2207
2102 139
2102 140
1527 2208
1527 1525
1092 139
1092 140
1092 1636
1092 2209
1092 2210
593 494
593 2211
593 496
593 2212
2213 139
2213 140
2213 2214
1813 139
1813 140
2215 564
2215 565
2215 566
1405 139
1405 140
1226 1228
1226 1229
1754 2216
1754 2217
2176 139
2176 140
2176 2218
2176 2219
2176 2220
1230 831
1230 832
1390 139
1390 140
2221 139
2221 140
2221 2222
1104 139
1104 140
2223 2224
2223 2225
2223 2226
2223 2227
2228 139
2228 140
2228 1981
2229 139
2229 140
2229 745
881 2230
881 2231
881 2232
881 2233
881 2234
1268 1414
1268 1415
2235 139
2235 140
2235 2236
2237 139
2237 140
2237 196
656 2238
656 2239
2240 139
2240 140
2240 1173
2241 139
2241 140
2241 211
1290 139
1290 140
1290 2242
1290 2243
1290 2244
2245 139
2245 140
2245 2246
2247 139
2247 140
2247 1208
1480 139
1480 140
2248 139
2248 140
2248 56
2249 139
2249 140
2249 2250
331 1514
1628 139
1628 140
2251 139
2251 140
2251 393
2252 139
2252 140
2252 304
1645 139
1645 140
2253 139
2253 140
2253 2254
1772 139
1772 140
2255 139
2255 140
2255 2256
820 139
820 140
2257 139
2257 140
2257 2258
1552 1551
1552 2259
2260 139
2260 140
2260 2261
2262 139
2262 140
2262 651
2263 139
2263 140
2263 602
2264 139
2264 140
2264 174
2265 139
2265 140
2265 1446
709 732
709 2080
709 2266
709 2267
709 1715
2268 139
2268 140
2268 226
2269 139
2269 140
2269 211
2270 139
2270 140
2270 1853
2271 139
2271 140
2271 2272
2267 732
2267 710
2029 139
2029 140
2273 139
2273 140
2273 2274
2273 2275
2273 2276
2273 2277
2273 2278
2273 2279
2273 2280
2281 139
2281 140
2281 2282
2283 139
2283 140
2283 1783
2284 2285
2284 2286
2284 2287
1242 1241
1242 2288
1217 139
1217 140
1473 139
1473 140
2289 139
2289 140
2289 2290
2289 2291
2289 2292
2289 2293
2289 2294
1859 139
1859 140
2295 139
2295 140
2295 268
2296 139
2296 140
2296 362
2297 139
2297 140
2297 840
2298 139
2298 140
2298 2299
2298 2300
2301 139
2301 140
2301 2302
2303 139
2303 140
2303 1919
2304 2305
2304 2306
2304 2307
2304 2308
2304 2309
2310 139
2310 140
2310 801
2311 2312
2311 2313
2311 2314
2311 2315
2311 2316
1509 139
1509 140
689 842
689 1798
689 1799
689 2317
689 2318
2201 139
2201 140
2319 139
2319 140
2319 174
2111 139
2111 140
2320 139
2320 140
2320 1456
2321 139
2321 140
2321 2322
2226 139
2226 140
2323 139
2323 140
2323 205
2324 139
2324 140
2324 488
2325 1280
2325 1281
2325 1282
2203 139
2203 140
2326 139
2326 140
2326 2327
2328 139
2328 140
2328 302
2329 139
2329 140
2329 2330
2331 139
2331 140
2331 2332
2333 139
2333 140
2333 765
896 139
896 140
171 2188
171 681
171 1301
171 1302
2334 2335
2334 990
2334 2336
1348 2337
1348 1587
2338 139
2338 140
2338 308
2339 139
2339 140
2339 1379
141 139
141 140
141 2340
2341 139
2341 140
2341 380
1748 139
1748 140
763 2342
763 2343
162 139
162 140
2344 139
2344 140
2344 174
2168 139
2168 140
2345 139
2345 140
2345 840
2024 139
2024 140
2346 139
2346 140
2346 722
308 2347
308 2348
1022 139
1022 140
1022 1067
1022 609
272 139
272 140
2027 139
2027 140
2349 139
2349 140
2349 2350
2351 139
2351 140
2351 1267
2352 139
2352 140
2352 1791
633 2353
633 2354
633 2355
633 2356
633 2357
633 2358
633 2359
633 2360
633 2361
633 2362
633 2363
2364 139
2364 140
2364 878
1218 139
1218 140
2365 139
2365 140
2365 393
2366 139
2366 140
2366 1912
2367 139
2367 140
2367 2368
2369 139
2369 140
2369 890
2370 139
2370 140
2370 393
2371 139
2371 140
2371 2372
415 139
415 140
2373 139
2373 140
2373 252
2374 139
2374 140
2374 2375
2374 2376
2374 2377
2374 2378
2374 2379
338 1620
338 2380
2381 139
2381 140
2381 2382
1592 139
1592 140
1592 788
1592 790
1592 791
1228 1225
1228 1227
1228 2383
1928 963
1928 964
1928 2384
1928 2385
721 2386
721 2387
913 139
913 140
2388 2335
2388 990
2388 2336
2389 139
2389 140
2389 453
2390 139
2390 140
2390 2391
69 139
69 140
2392 139
2392 140
2392 1189
2057 139
2057 140
1729 1045
1729 1437
1729 2151
1729 2393
1729 1676
2394 139
2394 140
2394 509
202 139
202 140
987 139
987 140
2395 2396
2395 2397
2395 2398
2399 2400
2399 2401
2399 2402
2399 2403
2404 139
2404 140
2404 878
2405 2406
2405 2407
2405 2408
2409 139
2409 140
2409 1053
1220 2410
1220 2411
2412 139
2412 140
2412 522
2413 139
2413 140
2413 304
2414 139
2414 140
2414 2415
1078 139
1078 140
1078 564
1078 2416
1078 565
1078 2417
2418 139
2418 140
2418 602
2419 139
2419 140
2419 2420
2421 139
2421 140
2421 743
2422 139
2422 140
2422 1466
2423 139
2423 140
2423 2424
2425 139
2425 140
2425 835
2426 139
2426 140
2426 1662
2074 2427
2074 2428
2429 139
2429 140
2429 1187
2430 139
2430 140
2430 2431
2432 481
2432 537
2432 538
2433 139
2433 140
2433 876
1021 139
1021 140
1021 963
1021 964
2434 139
2434 140
2434 1248
2230 139
2230 140
586 139
586 140
2435 139
2435 140
2435 1583
2436 139
2436 140
2436 602
2437 139
2437 140
2437 1858
726 139
726 140
1781 139
1781 140
2438 139
2438 140
2438 1501
1173 2439
1173 2440
2441 139
2441 140
2441 2442
2443 139
2443 140
2443 410
1760 139
1760 140
1760 2444
1760 2445
2446 2447
2446 2448
2446 2449
2446 2450
2446 2451
2452 139
2452 140
2452 2400
2452 2401
2452 1338
2452 1339
2452 1340
1081 1702
1081 2453
1081 2454
1081 2211
1081 2455
1081 1084
1081 2212
2456 2457
2456 2458
2456 2459
2460 139
2460 140
2460 2012
1499 2461
1499 2462
1499 2463
1499 2464
1499 2465
1499 2466
1499 2467
1499 2468
950 139
950 140
364 2469
364 2470
364 2471
364 2472
364 2473
364 2474
364 2475
364 2476
364 2477
2478 139
2478 140
2478 2391
2479 139
2479 140
2479 1910
1276 139
1276 140
2480 139
2480 140
2480 2481
1343 139
1343 140
1343 2447
1343 2448
1119 139
1119 140
2482 139
2482 140
2482 382
687 139
687 140
687 1636
687 2483
687 842
687 2484
2485 139
2485 140
2485 302
669 2486
2487 139
2487 140
2487 378
2488 139
2488 140
2488 237
2489 139
2489 140
2489 729
537 2490
537 2491
537 2492
2493 139
2493 140
2493 743
2494 139
2494 140
2494 1583
2086 139
2086 140
2086 2495
2496 139
2496 140
2496 972
2497 2498
2497 2499
2497 2500
2501 139
2501 140
2501 2502
2501 2503
2501 2504
2505 139
2505 140
2505 469
2506 139
2506 140
2506 186
2507 139
2507 140
2507 186
1149 2508
1149 2509
2510 139
2510 140
2510 1187
2511 139
2511 140
2511 2512
1086 2454
1086 2455
1086 1943
2513 139
2513 140
2513 1522
1742 139
1742 140
2514 139
2514 140
2514 1062
2515 139
2515 140
2515 765
2516 370
2516 371
2516 372
2286 139
2286 140
899 139
899 140
2517 139
2517 140
2517 2518
2519 139
2519 140
2519 2520
2521 2522
2521 2523
2521 1705
2524 2525
2524 2522
2524 2523
2526 139
2526 140
2526 393
2527 139
2527 140
2527 226
1557 1568
1557 1569
2528 139
2528 140
2528 393
2529 139
2529 140
2529 793
2530 139
2530 140
2530 2531
2532 139
2532 140
2532 2533
2534 2535
2534 2536
2534 1545
1568 139
1568 140
1568 1558
2537 139
2537 140
2537 1633
2538 139
2538 140
2538 131
2539 139
2539 140
2539 2540
2287 139
2287 140
835 2541
2542 139
2542 140
2542 1208
985 139
985 140
2543 139
2543 140
2543 651
1786 139
1786 140
825 337
825 1687
825 2544
825 2545
825 2546
2547 139
2547 140
2547 2548
2549 139
2549 140
2549 747
1109 139
1109 140
1838 139
1838 140
2550 139
2550 140
2550 184
2551 139
2551 140
2551 2150
922 139
922 140
1157 2552
1157 2553
1157 2554
1157 2555
1178 139
1178 140
2556 2557
2556 1051
2556 1495
1757 428
1757 390
1757 429
1757 2558
2559 139
2559 140
2559 408
659 139
659 140
2560 139
2560 140
2560 268
2561 139
2561 140
2561 211
2562 139
2562 140
2562 747
2563 139
2563 140
2563 1062
2292 139
2292 140
2564 139
2564 140
2564 304
2565 139
2565 140
2565 857
1934 2566
546 2567
2119 139
2119 140
1579 139
1579 140
2568 139
2568 140
2568 1446
2569 139
2569 140
2569 2570
2571 139
2571 140
2571 1014
1976 139
1976 140
1976 2424
944 139
944 140
944 706
2572 139
2572 140
2572 453
2222 139
2222 140
2222 2573
2222 2574
2222 2575
2222 2576
2577 139
2577 140
2577 382
681 172
391 370
391 371
391 372
391 373
2578 139
2578 140
2578 2579
2578 2580
2578 2581
2578 2582
2578 2583
2578 2584
1118 139
1118 140
664 2585
664 2586
664 2587
664 2588
664 2589
664 2590
664 2591
664 2592
664 2593
2594 139
2594 140
2594 1187
2595 139
2595 140
2595 393
2596 139
2596 140
2596 929
2465 139
2465 140
2597 139
2597 140
2597 302
2598 139
2598 140
2598 1442
2599 2600
2599 2601
2599 2602
924 139
924 140
1549 2603
1549 2604
1858 139
1858 140
1858 2605
1858 2606
2607 1880
2607 2608
2607 1881
2609 139
2609 140
2609 2610
2611 139
2611 140
2611 2612
279 139
279 140
279 988
2361 139
2361 140
2613 139
2613 140
2613 431
2614 139
2614 140
2614 2615
140 2616
140 2617
140 2618
140 2619
140 1807
140 2620
140 2585
140 2621
140 1105
140 2622
140 2623
140 2353
140 2624
140 2031
140 2625
140 2626
140 2627
140 2628
140 2629
140 2630
140 2631
140 1308
140 1719
140 713
140 2632
140 2633
140 2634
140 805
140 2635
140 1832
140 2461
140 1116
140 2636
140 2637
140 2638
140 2639
140 2640
140 2641
140 2642
140 2643
140 2644
140 2645
140 2646
140 2647
140 2648
140 2649
140 2650
140 2651
140 2652
140 2653
140 2654
140 2655
140 2656
140 2657
140 2658
140 2659
140 2660
140 2661
140 2662
140 1009
140 1011
140 2663
140 2664
140 2665
140 2666
140 2667
140 2668
140 2669
140 2670
140 2671
140 2672
140 615
140 2673
140 2674
140 2675
140 527
140 2676
140 2076
140 529
140 2050
140 2677
140 2051
140 2678
140 2679
140 2052
140 2680
140 2681
140 2682
140 2683
140 2684
140 2685
140 2686
140 2687
140 2688
140 2689
140 2690
140 2691
140 2692
140 2693
140 2694
140 2695
140 2696
140 2697
140 2698
140 2699
140 1565
140 2700
140 2701
140 2702
140 2703
140 2704
140 2705
140 2706
140 1135
140 2707
140 2708
140 2709
140 2710
140 2711
140 2712
140 2713
140 2714
140 2715
140 2716
140 2717
140 2718
140 2719
140 2720
140 2721
140 2722
140 2723
140 2724
140 2725
140 2726
140 2727
140 2728
140 2729
140 2730
140 2731
140 2732
140 2733
140 2734
140 2735
140 2736
140 2737
140 1007
140 2738
140 2739
140 2740
140 2741
140 2742
140 504
140 2743
140 2744
140 2745
140 2746
140 2747
140 2748
140 1234
140 2749
140 2750
140 1235
140 1236
140 2751
140 2752
140 2753
140 2754
140 1237
140 298
140 1238
140 2755
140 188
140 189
140 190
140 191
140 2756
140 2757
140 2758
140 2759
140 192
140 2760
140 2761
140 2762
140 2763
140 2764
140 2765
140 2766
140 2767
140 2768
140 2769
140 743
140 2770
140 2771
140 2772
140 2773
140 2208
140 2774
140 2775
140 2776
140 1808
140 1809
140 2777
140 1810
140 1811
140 1812
140 2778
140 2779
140 1814
140 1815
140 1816
140 2214
140 1817
140 2096
140 2097
140 2098
140 2780
140 2099
140 2101
140 2781
140 2103
140 2104
140 2105
140 2106
140 2107
140 2108
140 2109
140 2110
140 2112
140 2113
140 2114
140 2115
140 2116
140 2117
140 2118
140 2120
140 2121
140 2122
140 2123
140 2124
140 2782
140 2783
140 2784
140 2785
140 1476
140 2786
140 2787
140 2605
140 1477
140 1478
140 2606
140 2788
140 2789
140 1479
140 2790
140 2791
140 2792
140 2793
140 2794
140 2795
140 2796
140 2797
140 2798
140 2799
140 2800
140 2801
140 2802
140 2803
140 2804
140 2805
140 2806
140 2807
140 2808
140 2809
140 2810
140 2811
140 2812
140 2813
140 2814
140 2815
140 2816
140 2817
140 2818
140 2819
140 2820
140 2821
140 2822
140 2823
140 2824
140 420
140 421
140 2825
140 2826
140 1097
140 1098
140 1099
140 1100
140 1101
140 1102
140 1103
140 2586
140 2587
140 2588
140 2589
140 2590
140 2591
140 2827
140 2592
140 2828
140 2593
140 1138
140 2829
140 795
140 2830
140 2831
140 2832
140 797
140 2833
140 2834
140 798
140 2444
140 2835
140 799
140 2445
140 2836
140 2837
140 2838
140 1106
140 1107
140 2839
140 2840
140 1110
140 2841
140 1112
140 1113
140 1698
140 1114
140 2842
140 2843
140 2844
140 1511
140 2845
140 2846
140 2847
140 2848
140 2849
140 2850
140 2851
140 1512
140 2852
140 2853
140 2854
140 2855
140 2017
140 2018
140 2856
140 2857
140 2858
140 2019
140 2859
140 2386
140 2406
140 2407
140 1839
140 1840
140 2387
140 2408
140 2860
140 2861
140 2862
140 2863
140 2864
140 2865
140 2866
140 2867
140 2868
140 2869
140 2870
140 2871
140 2872
140 2873
140 1905
140 2874
140 198
140 199
140 457
140 458
140 1667
140 1668
140 201
140 459
140 460
140 2875
140 2876
140 2877
140 2878
140 2879
140 2880
140 2881
140 2882
140 2883
140 1501
140 2884
140 2885
140 2886
140 2887
140 1275
140 2888
140 1519
140 1540
140 1541
140 2889
140 2890
140 2891
140 1127
140 2892
140 2893
140 2894
140 2895
140 1128
140 1130
140 1131
140 2896
140 1693
140 2224
140 2225
140 1695
140 2227
140 2897
140 2898
140 2899
140 2900
140 2901
140 2902
140 2903
140 2904
140 2905
140 2906
140 2907
140 145
140 2908
140 146
140 147
140 2909
140 627
140 2354
140 2355
140 2356
140 2910
140 2357
140 2358
140 2911
140 2359
140 2360
140 2362
140 2363
140 376
140 2912
140 2913
140 2914
140 2915
140 2916
140 2917
140 2918
140 2919
140 2920
140 2921
140 2922
140 2923
140 2924
140 2925
140 1260
140 2926
140 2927
140 2928
140 2929
140 1961
140 1962
140 1963
140 2930
140 2931
140 2932
140 2933
140 2934
140 2935
140 2936
140 2937
140 2938
140 2939
140 2940
140 2941
140 2942
140 2943
140 2944
140 2945
140 2946
140 2947
140 2948
140 2949
140 2950
140 2951
140 2952
140 2953
140 2954
140 2955
140 2956
140 2957
140 2958
140 2959
140 2960
140 2961
140 2962
140 2963
140 2964
140 2965
140 554
140 1208
140 2966
140 2967
140 2968
140 2969
140 2970
140 2971
140 2972
140 2973
140 2974
140 2975
140 2976
140 2977
140 2978
140 2979
140 1853
140 2980
140 892
140 893
140 894
140 895
140 898
140 900
140 901
140 903
140 2169
140 2170
140 904
140 2171
140 906
140 2981
140 2172
140 2173
140 2982
140 2983
140 908
140 2984
140 2985
140 2174
140 2986
140 2987
140 2988
140 2989
140 2990
140 2991
140 2992
140 2993
140 2994
140 2995
140 2996
140 2997
140 2998
140 2999
140 347
140 349
140 3000
140 3001
140 3002
140 3003
140 3004
140 3005
140 3006
140 3007
140 3008
140 3009
140 3010
140 3011
140 1381
140 3012
140 1732
140 2032
140 2033
140 1733
140 2034
140 2035
140 2036
140 1734
140 1735
140 1736
140 2037
140 2038
140 2039
140 2040
140 3013
140 3014
140 3015
140 3016
140 3017
140 437
140 3018
140 1952
140 3019
140 3020
140 3021
140 3022
140 3023
140 1953
140 3024
140 3025
140 1954
140 3026
140 3027
140 3028
140 3029
140 3030
140 3031
140 2231
140 2232
140 3032
140 2233
140 2234
140 560
140 3033
140 3034
140 3035
140 3036
140 2347
140 3037
140 3038
140 2348
140 3039
140 3040
140 3041
140 3042
140 3043
140 3044
140 3045
140 3046
140 3047
140 3048
140 3049
140 3050
140 3051
140 1711
140 3052
140 701
140 3053
140 3054
140 702
140 3055
140 3056
140 3057
140 3058
140 3059
140 3060
140 3061
140 3062
140 3063
140 3064
140 3065
140 3066
140 3067
140 3068
140 3069
140 3070
140 3071
140 3072
140 3073
140 3074
140 3075
140 3076
140 3077
140 3078
140 3079
140 3080
140 3081
140 3082
140 3083
140 3084
140 3085
140 3086
140 3087
140 3088
140 3089
140 736
140 737
140 738
140 739
140 740
140 3090
140 3091
140 3092
140 3093
140 3094
140 741
140 3095
140 1639
140 1641
140 1642
140 1643
140 3096
140 3097
140 3098
140 3099
140 3100
140 3101
140 3102
140 2007
140 3103
140 3104
140 176
140 177
140 3105
140 3106
140 3107
140 3108
140 3109
140 3110
140 3111
140 3112
140 3113
140 3114
140 3115
140 3116
140 3117
140 3118
140 3119
140 3120
140 3121
140 3122
140 3123
140 178
140 3124
140 3125
140 3126
140 179
140 3127
140 3128
140 3129
140 3130
140 3131
140 568
140 3132
140 956
140 1608
140 3133
140 3134
140 3135
140 3136
140 3137
140 3138
140 3139
140 3140
140 3141
140 3142
140 3143
140 3144
140 2062
140 2337
140 1983
140 1585
140 1586
140 2603
140 3145
140 3146
140 3147
140 3148
140 3149
140 3150
140 3151
140 3152
140 3153
140 3154
140 3155
140 3156
140 2508
140 3157
140 3158
140 3159
140 3160
140 3161
140 3162
140 2063
140 3163
140 337
140 1687
140 3164
140 2544
140 1241
140 2288
140 1984
140 1587
140 2604
140 3165
140 3166
140 3167
140 3168
140 1213
140 1214
140 3169
140 3170
140 3171
140 3172
140 3173
140 3174
140 2509
140 3175
140 3176
140 3177
140 3178
140 2545
140 3179
140 2546
140 3180
140 3181
140 3182
140 3183
140 3184
140 3185
140 3186
140 3187
140 3188
140 3189
140 3190
140 3191
140 3192
140 3193
140 3194
140 445
140 3195
140 3196
140 3197
140 3198
140 3199
140 3200
140 3201
140 3202
140 3203
140 3204
140 3205
140 3206
140 3207
140 671
140 672
140 675
140 3208
140 3209
140 3210
140 3211
140 3212
140 3213
140 3214
140 3215
140 43
140 3216
140 1897
140 1898
140 1899
140 2087
140 2088
140 3217
140 3218
140 1569
140 3219
140 3220
140 3221
140 3222
140 3223
140 3224
140 3225
140 3226
140 428
140 371
140 404
140 3227
140 429
140 372
140 1271
140 1384
140 3228
140 1272
140 3229
140 3230
140 3231
140 3232
140 3233
140 3234
140 1409
140 1410
140 859
140 860
140 861
140 2396
140 2397
140 2398
140 3235
140 3236
140 3237
140 3238
140 3239
140 3240
140 3241
140 3242
140 3243
140 3244
140 3245
140 3246
140 3247
140 3248
140 3249
140 3250
140 3251
140 3252
140 2290
140 2291
140 2218
140 3253
140 3254
140 3255
140 2219
140 2293
140 2220
140 2294
140 3256
140 3257
140 1821
140 1822
140 1823
140 1880
140 2608
140 1881
140 3258
140 311
140 3259
140 3260
140 3261
140 3262
140 3263
140 3264
140 3265
140 3266
140 3267
140 3268
140 3269
140 3270
140 3271
140 3272
140 3273
140 1182
140 1183
140 1787
140 3274
140 3275
140 343
140 344
140 345
140 2093
140 2094
140 2095
140 3276
140 3277
140 3278
140 3279
140 3280
140 782
140 783
140 784
140 3281
140 3282
140 3283
140 3284
140 3285
140 951
140 3286
140 1738
140 1739
140 1740
140 3287
140 3288
140 3289
140 1882
140 1216
140 3290
140 3291
140 3292
140 3293
140 3294
140 3295
140 3296
140 1824
140 1825
140 3297
140 3298
140 3299
140 3300
140 3301
140 3302
140 3303
140 3304
140 3305
140 3306
140 3307
140 3308
140 2198
140 2199
140 2200
140 2202
140 215
140 216
140 217
140 3309
140 3310
140 3311
140 749
140 3312
140 750
140 1923
140 2204
140 2205
140 2206
140 2207
140 3313
140 353
140 354
140 355
140 3314
140 3315
140 3316
140 3317
140 218
140 219
140 3318
140 3319
140 3320
140 3321
140 3322
140 3323
140 3324
140 3325
140 3326
140 3327
140 3328
140 3329
140 3330
140 3331
140 3332
140 647
140 649
140 916
140 917
140 920
140 350
140 351
140 3333
140 3334
140 3335
140 3336
140 414
140 1161
140 1091
140 532
140 686
140 1162
140 416
140 1163
140 1093
140 1344
140 1094
140 778
140 921
140 3337
140 3338
140 3339
140 3340
140 3341
140 3342
140 3343
140 3344
140 3345
140 3346
140 3347
140 3348
140 3349
140 3350
140 3351
140 1179
140 925
140 3352
140 3353
140 3354
140 3355
140 3356
140 3357
140 3358
140 3359
140 3360
140 3361
140 3362
140 3363
140 1038
140 1040
140 160
140 161
140 3364
140 3365
140 3366
140 3367
140 3368
140 3369
140 3370
140 3371
140 3372
140 3373
140 3374
140 1764
140 1765
140 3375
140 3376
140 3377
140 3378
140 3379
140 3380
140 3381
140 3382
140 3383
140 3384
140 3385
140 3386
140 3387
140 1589
140 1590
140 1591
140 1629
140 1630
140 3388
140 3389
140 3390
140 3391
140 3392
140 3393
140 3394
140 3395
140 3396
140 2498
140 2499
140 2500
140 3397
140 3398
140 3399
140 1284
140 288
140 289
140 3400
140 3401
140 3402
140 2554
140 2555
140 3403
140 3404
140 2449
140 2450
140 2451
140 3405
140 3406
140 3407
140 1285
140 1286
140 2317
140 2318
140 3408
140 2023
140 2025
140 3409
140 3410
140 255
140 257
140 3411
140 3412
140 164
140 3413
140 622
140 2535
140 165
140 855
140 1915
140 1804
140 634
140 3414
140 2536
140 166
140 1672
140 1916
140 1805
140 2335
140 3415
140 3416
140 3417
140 3418
140 3419
140 3420
140 3421
140 3422
140 3423
140 3424
140 3425
140 3426
140 3427
140 3428
140 3429
140 3430
140 3431
140 3432
140 3433
140 3434
140 864
140 3435
140 3436
140 3437
140 471
140 472
140 473
140 2566
140 2184
140 2185
140 2186
140 3438
140 3439
140 3440
140 912
140 914
140 1474
140 1475
140 980
140 981
140 982
140 1969
140 1970
140 3441
140 3442
140 865
140 866
140 3443
140 1644
140 3444
140 3445
140 3446
140 3447
140 3448
140 3449
140 3450
140 3451
140 3452
140 3453
140 3454
140 3455
140 3456
140 3457
140 3458
140 3459
140 3460
140 3461
140 3462
140 3463
140 1158
140 3464
140 3465
140 3466
140 3467
140 3468
140 3469
140 3470
140 1165
140 1166
140 1087
140 1088
140 3471
140 3472
140 1885
140 3473
140 3474
140 3475
140 2491
140 2492
140 3476
140 484
140 485
140 486
140 1042
140 1043
140 3477
140 3478
140 3479
140 3480
140 3481
140 1889
140 1890
140 1891
140 1886
140 1887
140 3482
140 3483
140 3484
140 3485
140 3486
140 3487
140 3488
140 3489
140 3490
140 3491
140 3492
140 2179
140 2180
140 2181
140 2486
140 3493
140 3494
140 3495
140 3496
140 2314
140 2315
140 2316
140 1406
140 1407
140 3497
140 3498
140 3499
140 3500
140 639
140 640
140 641
140 3501
140 3502
140 3503
140 3504
140 3505
140 3506
140 3507
140 3508
140 3509
140 3510
140 3511
140 3512
140 2384
140 2385
140 3513
140 3514
140 611
140 612
140 613
140 3515
140 3516
140 1828
140 1829
140 1830
140 1992
140 3517
140 3518
140 3519
140 3520
140 3521
140 3522
140 3523
140 3524
140 3525
140 3526
140 3527
140 3528
140 3529
140 3530
140 3531
140 3532
140 3533
140 3534
140 3535
140 3536
140 3537
140 2242
140 3538
140 2243
140 1311
140 1312
140 1313
140 1314
140 2244
140 3539
140 1315
140 1316
140 182
140 1767
140 1768
140 1770
140 1771
140 1773
140 1774
140 1775
140 1776
140 1777
140 1778
140 1779
140 1780
140 1901
140 1902
140 3540
140 3541
140 3542
140 3543
140 3544
140 3545
140 3546
140 3547
140 3548
140 3549
140 3550
140 3551
140 3552
140 3553
140 3554
140 3555
140 3556
140 3557
140 3558
140 3559
140 3560
140 3561
140 692
140 3562
140 3563
140 3564
140 3565
140 3566
140 3567
140 3568
140 3569
140 3570
140 3571
140 3572
140 3573
140 3574
140 3575
140 3576
140 3577
140 3578
140 3579
140 3580
140 3581
140 3582
140 3583
140 3584
140 3585
140 3586
140 3587
140 3588
140 3589
140 3590
140 3591
140 540
140 3592
140 3593
140 1722
140 1723
140 3594
140 3595
140 1725
140 1726
140 819
140 1191
140 3596
140 3597
140 3598
140 3599
140 3600
140 1232
140 3601
140 1679
140 1680
140 1681
140 2285
140 3602
140 3603
140 3604
140 3605
140 3606
140 3607
140 3608
140 2041
140 3609
140 2056
140 643
140 644
140 3610
140 2058
140 645
140 3611
140 1841
140 1842
140 714
140 715
140 716
140 718
140 3612
140 3613
140 3614
140 3615
140 3616
140 3617
140 3618
140 3619
140 3620
140 3621
140 3622
140 3623
140 3624
140 3625
140 3626
140 3627
140 3628
140 3629
140 3630
140 3631
140 3632
140 3633
140 3634
140 3635
140 3636
140 3637
140 3638
140 3639
140 3640
140 3641
140 3642
140 3643
140 3644
140 3645
140 3646
140 3647
140 605
140 328
140 3648
140 2469
140 3649
140 2470
140 3650
140 2471
140 2472
140 2473
140 3651
140 3652
140 2474
140 3653
140 2475
140 2476
140 3654
140 2477
140 3655
140 3656
140 3657
140 3658
140 3659
140 3660
140 3661
140 3662
140 3663
140 3664
140 3665
140 2512
140 3666
140 3667
140 3668
140 3669
140 3670
140 3671
140 3672
140 3673
140 1413
140 3674
140 3675
140 3676
140 3677
140 3678
140 3679
140 3680
140 3681
140 3682
140 3683
140 3684
140 3685
140 3686
140 3687
140 3688
140 3689
140 995
140 996
140 3690
140 765
140 997
140 3691
140 2573
140 3692
140 3693
140 2574
140 3694
140 3695
140 2575
140 3696
140 2576
140 3697
140 3698
140 807
140 808
140 811
140 812
140 813
140 814
140 3699
140 3700
140 3701
140 3702
140 3703
140 3704
140 3705
140 3706
140 3707
140 2238
140 2239
140 3708
140 3709
140 3710
140 3711
140 3712
140 3713
140 1833
140 1834
140 1835
140 1836
140 3714
140 3715
140 3716
140 3717
140 3718
140 3719
140 3720
140 3721
140 3722
140 3723
140 3724
140 3725
140 3726
140 3727
140 3728
140 3729
140 2342
140 3730
140 2343
140 2462
140 2463
140 2464
140 3731
140 2466
140 2467
140 315
140 2468
140 1860
140 3732
140 1861
140 3733
140 1862
140 228
140 1895
140 1863
140 3734
140 3735
140 3736
140 3737
140 3738
140 3739
140 3740
140 3741
140 3742
140 3743
140 3744
140 3745
140 3746
140 3747
140 3748
140 3749
140 3750
140 3751
140 3752
140 3753
140 3754
140 3755
140 3756
140 3757
140 3758
140 3759
140 3760
140 3761
140 2259
140 3762
140 3763
140 2340
140 3764
140 149
140 3765
140 150
140 151
140 152
140 3766
140 3767
140 153
140 3768
140 154
140 3769
140 3770
140 937
140 939
140 940
140 2274
140 2275
140 2276
140 2277
140 2278
140 2279
140 2280
140 239
140 241
140 242
140 243
140 244
140 245
140 246
140 247
140 248
140 3771
140 3772
140 3773
140 3774
140 3775
140 3776
140 3777
140 3778
140 3779
140 3780
140 3781
140 3782
140 3783
140 362
140 3784
140 2502
140 1117
140 2503
140 1120
140 2504
140 1121
140 1122
140 1123
140 1124
140 3785
140 3786
140 3787
140 3788
140 3789
140 3790
140 3791
140 3792
140 205
140 275
140 3793
140 3794
140 1280
140 1281
140 1282
140 2167
140 3795
140 2375
140 2376
140 2377
140 3796
140 3797
140 3798
140 3799
140 3800
140 3801
140 2378
140 3802
140 2379
140 3803
140 3804
140 3805
140 3806
140 3807
140 3808
140 2410
140 2411
140 2439
140 2440
140 3809
140 3810
140 3811
140 3812
140 3813
140 3814
140 3815
140 3816
140 3817
140 3818
140 3819
140 3820
140 3821
140 3822
140 3823
140 3824
140 3825
140 3826
140 2600
140 2601
140 786
140 2602
140 3827
140 3828
140 3829
140 3830
140 3831
140 3832
140 1367
140 1368
140 1369
140 1370
140 1371
140 1372
140 3833
140 3834
140 3835
140 1374
140 3836
140 3837
140 3838
140 3839
140 3840
140 3841
140 3842
140 3843
140 3844
140 3845
140 3846
140 3847
140 3848
140 3849
140 3850
140 3851
140 3852
140 3853
140 3854
140 3855
140 3856
140 418
140 211
140 3857
140 3858
140 3859
140 3860
140 3861
140 3862
140 1141
140 3863
140 3864
140 3865
140 3866
140 2026
140 2028
140 3867
140 3868
140 3869
140 3870
140 3871
140 1975
140 3872
140 3873
140 3874
140 1743
140 1744
140 1745
140 1746
140 1747
140 1749
140 1750
140 1751
140 1752
140 3875
140 3876
140 3877
140 3878
140 3879
140 3880
140 3881
140 3882
140 3883
140 3884
140 3885
140 3886
140 3887
140 3888
140 1866
140 1847
140 1848
140 1849
140 3889
140 3890
140 3891
140 3892
140 1204
140 1205
140 3893
140 3894
140 943
140 3895
140 3896
140 3897
140 1387
140 1388
140 3898
140 3899
140 3900
140 3901
140 3902
140 3903
140 3904
140 3905
140 3906
140 3907
140 2457
140 2458
140 666
140 3908
140 3909
140 3910
140 3911
140 3912
140 3913
140 3914
140 3915
140 3916
140 3917
140 3918
140 3919
140 3920
140 3921
140 3922
140 3923
140 3924
140 3925
140 3926
140 3927
140 3928
140 3929
140 3930
140 1576
140 1577
140 3931
140 3932
140 1508
140 3933
140 3934
140 2305
140 2306
140 3935
140 3936
140 1045
140 2580
140 111
140 3937
140 1225
140 732
140 3938
140 710
140 3939
140 494
140 2151
140 2427
140 3940
140 2073
140 1322
140 1394
140 3941
140 1154
140 1338
140 653
140 1468
140 1873
140 3942
140 118
140 1389
140 3943
140 1301
140 1302
140 1032
140 1033
140 3944
140 945
140 3945
140 3946
140 3947
140 2459
140 667
140 3948
140 3949
140 3950
140 2383
140 3951
140 3952
140 130
140 3953
140 2567
140 3954
140 3955
140 1358
140 2081
140 2082
140 3956
140 3957
140 3958
140 3959
140 1359
140 3960
140 3961
140 3962
140 3963
140 1360
140 3964
140 2541
140 1581
140 3965
140 3966
140 3967
140 3968
140 3969
140 1510
140 3970
140 3971
140 3972
140 3973
140 3974
140 660
140 986
140 2307
140 2308
140 2309
140 3975
140 3976
140 3977
140 3978
3496 139
3496 1189
3387 139
3387 1053
3979 584
3979 498
3979 1547
2954 139
2954 602
3896 139
3896 76
3957 139
3957 1469
3980 3981
3980 1338
3980 1339
3980 1340
3564 139
3564 302
3198 139
3198 1177
3001 139
3001 2161
1302 139
3682 139
3682 765
2165 514
2165 516
1804 139
1804 3982
1804 3983
2881 139
2881 1869
811 139
1957 749
1957 750
1957 1258
1957 3984
3034 139
3034 412
3351 139
3351 2005
1216 139
3654 139
3654 3649
3654 3650
3654 3651
3654 3652
3654 3653
3565 139
3565 302
3327 139
3327 1035
2242 139
2150 2973
2150 2974
2150 2975
2150 2976
3512 139
3512 1865
2941 139
2941 602
1705 3145
1705 3165
1177 3199
1177 3214
1177 3215
493 2453
493 2212
3919 139
3919 1997
3919 654
1711 139
1711 1710
1711 890
797 139
3227 139
3227 1603
3227 1604
3007 139
3007 1381
1779 139
2745 139
2745 651
1097 139
3223 139
3223 56
3792 139
3792 268
3516 139
3516 1806
184 2619
184 2765
184 2766
184 2768
184 2769
184 2770
3985 3743
3985 3749
3985 3754
3985 3762
3686 139
3686 765
2416 1079
2416 1432
2863 139
2863 323
2998 139
2998 2161
2646 139
2646 929
3317 139
3317 357
722 2386
2450 139
3969 139
3969 1396
2859 139
2859 360
1042 139
2674 139
2674 2076
2548 2847
2548 2855
2548 2857
2548 2858
1011 139
1011 1010
1011 2001
3986 2927
3986 2928
3986 2929
1962 139
1594 848
1594 849
3382 139
3382 3987
3332 139
3332 1940
3968 139
3968 1396
3029 139
3029 1522
514 1657
2803 139
2803 793
3988 3130
3988 3131
3988 3989
3706 139
3706 522
3766 139
3766 488
3060 139
3060 174
3576 139
3576 302
3990 3675
3990 3676
3990 3677
3628 139
3628 328
3652 139
3991 3937
3991 3938
3991 3992
3993 3937
3993 3938
3993 3992
2716 139
2716 1187
3214 139
2043 3253
2043 3256
3331 139
3331 1940
2987 139
2987 2161
3994 1702
3994 2453
3994 2211
2115 139
2112 139
3091 139
3091 3093
2190 3714
2190 3715
3533 139
3533 393
745 2908
745 2909
2855 139
2107 139
3192 139
3192 445
3122 139
3122 568
654 3914
654 3918
654 653
146 139
3314 139
3314 1003
793 2792
793 2793
793 2794
793 2795
793 2796
793 2797
793 2798
793 2799
793 2800
793 2801
793 2802
793 2804
793 2805
793 2806
793 2807
793 2808
793 2809
793 2810
793 2811
793 2812
793 2813
793 2814
793 2815
793 2816
793 2817
793 2818
793 2819
793 2820
793 2821
793 2822
793 2823
793 2824
793 2825
793 2826
3689 139
3689 765
3995 3324
3995 3325
3995 3326
2101 139
177 139
1614 2256
1614 3996
3224 139
3224 56
554 139
554 555
554 602
3134 139
3134 3143
3134 1074
939 139
209 2982
158 2747
158 2751
158 2752
158 2755
3538 139
3538 182
3186 139
3186 445
2129 855
2129 1915
2129 1916
3044 139
3044 412
2025 139
607 3897
607 3953
3272 139
3272 1855
704 3796
704 3798
704 3799
704 3800
704 3803
3310 139
3310 1035
2536 139
2536 400
2536 788
2536 3997
2925 139
2925 453
3732 139
3732 1895
1744 139
3622 139
3622 328
2774 139
2774 3998
2774 1265
2774 3999
3775 139
3775 196
2466 139
2458 139
920 139
2760 139
2760 948
2033 139
3004 139
3004 888
3458 139
3458 1210
529 139
622 139
622 464
622 465
4000 3429
4000 3430
4000 3431
3803 139
903 139
3922 139
3922 630
2109 139
2144 264
2144 1423
535 319
2715 139
2715 4001
1379 2639
1379 3868
1379 3869
1379 3870
1379 3871
1379 3872
1379 3873
3209 139
3209 1658
974 532
974 2302
974 4002
2903 139
2903 213
3015 139
3015 3018
160 139
2582 2580
2582 4003
2652 139
2652 929
198 139
3534 139
3534 393
3854 139
3854 2372
2824 139
3864 139
3864 2368
3438 139
3438 4004
3773 139
3773 196
2136 3370
2136 3371
714 139
3595 139
3595 1191
1045 139
1045 2417
1045 4005
1045 2393
1045 1438
1314 139
2062 139
2062 1932
3291 139
3291 477
4006 3477
4006 3478
4006 3479
380 3809
380 3811
380 3813
380 3814
380 3815
380 3816
380 3818
380 3820
380 3821
380 3822
380 3823
380 3824
380 3825
380 3828
3120 139
3120 410
1514 1358
1514 1359
1514 1360
2869 139
2869 1905
2950 139
2950 602
1128 139
376 139
376 2910
376 2911
1639 139
3088 139
3088 954
1440 3268
1440 3269
3737 139
3737 304
2087 139
2087 2495
2860 139
2860 323
2860 324
2250 2635
2250 3708
2250 3709
2250 3710
2250 3711
2250 3712
2250 3713
3531 139
3531 393
1158 139
2167 139
2167 3794
2167 1280
2167 1281
2167 1282
1910 3313
3170 139
3170 960
1508 139
1452 3281
1452 3282
2523 1950
1182 139
2123 139
3487 139
3487 498
3720 139
3720 1442
1007 139
289 139
3237 139
3237 2153
3259 139
3259 2531
1689 4007
1689 428
1689 429
3210 139
3210 1658
3301 139
3301 4008
3687 139
3687 765
3891 139
3891 4009
2279 139
2806 139
2840 139
2840 1698
1469 1468
4008 3302
4008 3303
3638 139
3638 328
3090 139
3090 3093
945 139
1258 1955
1258 1956
1258 1958
1258 3321
1723 139
288 139
3078 139
3078 954
3173 139
3173 143
634 139
634 4010
906 139
3625 139
3625 285
339 1620
339 2380
311 139
1088 139
2754 139
2754 298
1586 139
1409 139
1135 139
4011 2579
4011 2581
4011 2583
4011 2584
3197 139
3197 37
2060 3603
2060 3604
2060 3605
2060 3606
239 139
2225 139
3797 139
3797 3804
172 2188
2697 139
2697 237
860 139
2647 139
2647 929
4012 1880
4012 1881
4012 2330
1389 139
512 1658
512 1659
1161 139
1161 2552
1161 2553
3851 139
3851 211
3136 139
3136 1074
1392 2884
1392 2885
1743 139
3086 139
3086 954
1643 139
1905 139
1905 2873
3054 139
3054 873
3571 139
3571 302
1543 3288
1543 3289
3364 139
3364 4013
118 139
3066 139
3066 222
3408 139
3408 852
3717 139
3717 1442
1558 1569
3629 139
3629 328
3650 139
3260 139
3260 2531
3477 139
3557 139
3557 692
241 139
3901 139
3901 91
1046 4005
1046 2393
1046 1438
2069 4014
2069 1912
888 3005
888 3006
888 3008
888 3010
888 3011
888 3012
3006 139
2826 139
1621 337
1621 1687
3065 139
3065 3076
1965 790
1965 791
1965 3508
3974 139
3974 2415
2612 3933
2612 3934
2612 3970
2612 3971
2612 3972
2448 1344
1955 3984
4015 3435
4015 3436
4015 3437
3984 1956
3984 1958
3844 139
3844 211
3665 139
3665 578
1402 3394
1402 3395
3254 139
3254 4016
3798 139
605 139
304 3734
304 3735
304 3736
304 3738
304 3739
304 3740
304 3741
304 3742
304 3744
304 3745
304 3746
304 3747
304 3748
304 3750
304 3751
304 3752
304 3753
304 3755
304 3756
304 3757
304 3758
304 3759
304 3760
304 3761
304 2259
304 3762
3475 139
3475 4017
1777 139
2981 139
2981 2985
3780 139
3780 186
886 3376
886 3377
3431 139
757 862
2266 732
2266 710
1771 139
2097 139
2717 139
2717 1187
788 2535
343 139
4018 1280
4018 1281
4018 1282
2644 139
2644 929
2892 139
2892 4019
3730 139
3730 253
2672 139
2672 433
1163 139
1163 2552
1163 2553
3409 139
3409 1987
3670 139
3670 1413
2742 139
2742 505
1029 4020
1029 4021
1029 4022
1029 4023
1029 1471
3341 139
3341 884
3777 139
3777 186
2198 139
1113 139
4009 3888
4009 3889
4009 3893
2895 139
2895 4019
4024 2897
4024 2905
4024 2906
3195 139
3195 261
2910 139
2707 139
2707 2299
3796 139
3470 139
3470 2194
3669 139
3669 4025
2041 139
2041 619
2887 139
2887 1684
2282 3420
2282 3421
3877 139
3877 840
2866 139
2866 323
472 139
3522 139
3522 393
3602 139
3602 1295
3467 139
3467 2570
2733 139
2733 1583
2624 139
2624 878
1168 1425
1168 1426
1168 1427
1168 1428
1168 1429
2718 139
2718 4001
2439 139
4026 2335
4026 990
4026 2336
2238 139
2238 657
4027 1702
4027 2453
4027 2211
4027 2212
3249 139
3249 2518
2832 139
2832 988
688 2484
688 509
1970 139
2736 139
2736 504
3863 139
3863 2368
1563 2979
671 139
671 675
671 4028
2032 139
3263 139
3263 576
3736 139
3421 139
1146 3163
1146 282
1146 283
106 3928
106 3929
106 3930
3075 139
3075 1801
3075 174
3075 1802
3152 139
3152 972
3630 139
3630 285
1581 139
1589 139
3723 139
3723 1442
940 139
3497 139
3497 623
710 139
710 732
710 2080
1417 3239
1417 3240
3613 139
3613 328
1849 139
3242 139
3242 1713
2036 139
814 139
2312 3413
2312 3414
199 139
1954 139
3635 139
3635 328
2874 139
2874 876
3699 139
3699 1626
942 3427
942 3428
3471 139
3471 2256
2737 139
2737 366
3460 139
3460 4029
3101 139
3101 156
2622 139
2622 876
951 139
2317 139
1407 139
589 4030
589 831
3976 139
3976 1292
2533 3392
2533 3393
4029 754
4029 3443
4029 3461
3855 139
3855 418
471 139
2322 3931
2322 3932
2322 3965
2322 3966
2322 3967
3610 139
3610 4031
2209 1094
2209 431
2209 4032
3966 139
3174 139
3174 143
149 139
3943 139
3943 84
3399 139
3399 451
3679 139
3679 765
3893 139
2764 139
2764 408
3041 139
3041 226
630 1394
630 3960
156 2629
156 3096
156 3098
156 3099
156 3102
156 3103
895 139
1229 1225
1229 1227
2710 139
2710 1187
2810 139
3478 139
2669 139
2669 615
1394 139
1419 2829
2402 2403
2402 263
481 2490
3868 139
1236 139
3028 139
3028 3020
3028 3021
3028 3023
3028 3025
3806 139
3806 4033
2749 139
2749 368
2942 139
2942 602
1567 3162
3357 139
3357 870
354 139
2723 139
2723 1187
2712 139
2712 1187
780 4034
584 832
2917 139
2917 1260
1422 1842
1749 139
2348 139
3865 139
3865 1196
3955 139
3955 566
1471 1027
1471 1028
3758 139
3499 139
3499 1545
475 2875
475 2883
1038 139
1406 139
2161 2988
2161 2989
2161 2990
2161 2992
2161 2993
2161 2994
2161 2996
2161 2999
2161 347
2161 349
2468 139
2750 139
2750 368
3989 3130
3989 3131
3692 139
3692 234
3142 139
3142 1074
1479 139
2705 139
2705 2047
3059 139
3059 4035
3362 139
3362 4036
982 139
3252 139
3252 518
2667 139
2667 615
545 3939
545 2427
545 2428
2445 139
215 139
485 139
3549 139
3549 692
1232 139
1232 3598
2382 3926
2382 3927
349 139
3933 139
3703 139
3703 522
1832 139
2982 139
3951 139
3951 263
3951 264
2839 139
2839 1698
3037 139
3037 890
3906 139
3906 1327
3923 139
3923 1155
1657 516
1032 139
3740 139
477 3290
2401 263
1764 139
3971 139
3657 139
3657 578
1101 139
1116 139
3144 139
3144 1074
3354 139
3354 2021
1415 1267
3999 3998
3999 2775
2850 139
2850 300
3774 139
3774 196
3175 139
3175 426
1739 139
2307 139
2690 139
2690 237
4005 1047
2786 139
2786 389
3567 139
3567 302
1106 139
2 3160
937 139
2849 139
2849 300
2755 139
4037 4023
4037 2495
4037 4038
4022 1027
4022 4039
4022 1028
4022 4040
268 2637
268 3785
268 3788
268 3789
268 3793
2378 139
3439 139
3439 4004
2812 139
3927 139
3656 139
3656 578
2966 139
2966 4041
3945 139
3945 4042
3519 139
3519 551
1774 139
2741 139
2741 505
3886 139
3886 683
1676 1006
1676 2417
473 139
3918 139
3918 1997
3398 139
3398 451
1183 139
3642 139
3642 285
3176 139
3176 549
1992 139
3680 139
3680 765
2784 139
2784 2785
1454 3298
1454 3299
1285 139
842 686
842 1185
842 2484
842 1798
842 1799
3805 139
3805 4033
3116 139
3116 410
2991 139
2991 3000
3413 139
3413 1623
3413 464
3413 2313
3248 139
3248 1051
1187 2617
1187 2711
1187 2713
1187 2714
1187 2719
1187 2721
1187 2722
1187 2724
370 4043
370 2216
370 2217
831 588
831 832
393 3520
393 3521
393 3523
393 3524
393 3525
393 3526
393 3527
393 3528
393 3529
393 3530
393 3532
393 3535
393 3536
393 3537
3172 139
3172 960
2794 139
686 139
686 1636
686 2483
686 2484
3376 139
1087 139
4017 3473
4017 3474
2290 139
1124 139
2734 139
2734 1583
351 139
641 139
3013 139
3013 3018
3700 139
3700 1626
568 139
568 3127
3701 139
3701 1626
3759 139
205 139
205 3786
205 3787
205 3790
3816 139
3938 139
3938 3937
3938 4044
3938 4045
3336 139
3336 509
3243 139
3243 2216
3268 139
3536 139
4046 3904
4046 3905
4046 3946
623 3498
2938 139
2938 602
2051 139
2984 139
2984 2985
649 139
3752 139
2219 139
2854 139
2854 300
3204 139
3204 462
592 3920
592 1873
592 3958
4047 2335
4047 990
4047 2336
3105 139
3105 410
252 3728
1292 3975
3562 139
3562 4048
2396 139
3767 139
3767 488
3925 139
3925 1851
1791 3347
2990 139
3168 139
3168 4049
3196 139
3196 37
3021 139
484 139
3728 139
3820 139
2103 139
2628 139
2628 954
1423 3981
1423 1336
2642 139
2642 929
1275 139
1301 139
1387 139
2889 139
2889 382
2729 139
2729 2726
2729 2727
2729 2728
3488 139
3488 2196
927 3287
2740 139
2740 505
2058 139
2953 139
2953 1208
2275 139
1541 139
1541 1198
3647 139
3647 285
4050 1880
4050 1881
4050 2330
1924 1252
1924 1253
3523 139
4051 812
4051 4052
4051 813
2300 2706
2300 2708
3782 139
3782 186
2777 139
2777 2214
3420 139
2575 139
2654 139
2654 929
3548 139
3548 692
3051 139
3051 890
1399 4053
1399 4054
1399 1271
1399 3228
1399 1272
1253 1923
2670 139
2670 433
1043 139
3057 139
3057 873
3295 139
3295 2330
2467 139
2095 139
660 139
2837 139
2837 988
1033 139
3675 139
1959 749
1959 750
4055 2771
4055 2772
4055 2773
3791 139
3791 275
1398 4053
1398 4054
1398 3228
1398 1272
1820 3671
1820 3674
2063 139
2063 1932
1867 1204
1867 1205
1323 3915
1323 3916
1323 1322
1323 3956
1340 4056
1340 1338
3848 139
3848 211
1695 139
2350 3384
2350 3385
2544 139
2544 826
2637 139
3213 139
3213 37
2884 139
2884 1320
2179 139
1698 139
1698 2841
3987 3369
3987 3381
2766 139
1725 139
1061 4057
1061 4058
404 139
1780 139
3563 139
3563 540
2923 139
2923 453
3011 139
3394 139
4059 164
4059 166
4059 398
587 4030
587 832
2916 139
2916 1260
3016 139
3016 437
3655 139
3655 2512
4060 1091
4060 1093
4060 1678
2099 139
3839 139
3839 1990
611 139
3469 139
3469 2194
2476 139
4061 3911
4061 3912
4061 3950
245 139
1098 139
3379 139
3379 4062
651 2743
651 2744
651 2746
3017 139
3017 3018
2122 139
2789 139
2789 389
3334 139
3334 1053
253 3729
2696 139
2696 1463
1715 544
1715 712
653 139
2589 139
2894 139
2894 4019
2648 139
2648 929
4063 414
4063 416
4063 4064
2683 139
2683 2047
3712 139
1141 139
1141 3857
1141 3858
229 228
2689 139
2689 237
747 3225
747 3226
1185 4065
1185 532
3608 139
3608 3607
3482 139
3482 1014
4053 1384
2671 139
2671 433
3189 139
3189 445
3862 139
3862 1248
2590 139
1062 4066
1062 4067
1062 3375
1112 139
2606 139
1201 3348
1201 3349
412 3033
412 3035
412 3036
412 3043
412 3048
2463 139
2706 139
2706 2299
3264 139
3264 576
2199 139
3117 139
3117 410
3346 139
3346 2442
2375 139
1099 139
3691 139
3691 696
3637 139
3637 285
3819 139
3819 786
1235 139
1591 139
3306 139
3306 2236
3743 139
3742 139
3813 139
4054 1384
813 139
813 4052
3552 139
3552 692
2081 139
3667 139
3667 4025
178 139
3662 139
3662 2512
4068 3164
4068 3178
4068 3179
1147 282
1147 283
3092 139
3092 4069
4048 3541
4048 3554
1722 139
3410 139
3410 1987
3537 139
2224 139
2580 139
2580 2579
2580 2581
2580 2583
2580 2584
296 2978
296 2980
2695 139
2695 1463
3449 139
3449 4070
3020 139
3271 139
3271 1855
4071 2927
4071 2928
4071 2929
1369 139
2358 139
2567 139
2353 139
1815 139
812 139
812 4052
1540 139
1540 1198
3161 139
3161 1489
2335 139
2335 990
2335 2336
4004 3440
143 3156
2726 139
2813 139
3368 139
3368 4072
2748 139
2748 298
3785 139
3590 139
3590 540
201 139
3440 139
2649 139
2649 929
2650 139
2650 929
3812 139
3812 786
196 3771
196 3772
196 3776
3953 139
734 1714
734 2080
635 3476
2357 139
594 1437
2969 139
2969 1536
3344 139
3344 2520
3611 139
3611 4031
540 139
540 3591
3574 139
3574 302
975 532
975 2302
975 4002
2037 139
76 3895
3257 139
3257 4016
1053 3333
2902 139
2902 801
3018 139
4013 3365
4013 3366
3329 139
3329 2391
3235 139
3235 270
3313 139
3889 139
3921 139
3921 2258
2643 139
2643 929
3606 139
551 3518
612 139
3352 139
3352 4072
2682 139
2682 442
3909 139
3909 102
3684 139
3684 765
2700 139
2700 237
3053 139
3053 873
2258 3917
2258 3959
1107 139
3417 139
3417 2003
898 139
2202 139
3936 139
3936 1459
3936 558
3318 139
3318 4073
2574 139
1952 139
2309 139
1018 3307
1018 3308
3707 139
3707 522
1895 139
1895 3733
1975 139
3982 1915
3982 1916
3982 1805
1205 139
1205 3888
4074 3464
4074 3465
4074 3466
3858 139
1880 139
3693 139
3693 234
2481 3274
2481 3275
2576 139
3832 139
3832 1024
3578 139
3578 302
3089 139
3089 3093
3089 4069
2397 139
1610 848
1610 849
3883 139
3883 840
1667 139
4075 3276
4075 3277
4075 3278
1265 2775
2844 139
2844 300
3287 139
3547 139
3547 692
3280 139
3280 2540
2808 139
2500 139
639 139
3232 139
3232 1446
2254 3504
2254 3505
2842 139
2842 300
3735 139
2541 139
1320 2885
3666 139
3666 2512
3666 578
3952 139
3952 102
3339 139
3339 910
2865 139
2865 378
873 2626
873 3055
873 3056
873 3058
3651 139
3722 139
3722 1442
3739 139
3636 139
3636 285
840 2640
840 3875
840 3876
840 3878
840 3879
840 3880
840 3881
840 3882
1915 139
1915 4076
4044 3937
4044 3992
1079 1943
1886 139
2640 139
3372 139
3372 4077
3757 139
3932 139
2673 139
2673 433
2868 139
2868 876
1816 139
1327 3907
3183 139
3183 445
2815 139
2668 139
2668 615
1130 139
713 139
3360 139
3360 4078
1565 139
2904 139
2904 801
3400 139
3400 4079
3607 139
3718 139
3718 1442
2955 139
2955 1208
2957 139
2957 602
2680 139
2680 442
2314 139
2211 4080
3618 139
3618 285
1783 3304
1344 139
1344 2447
2816 139
3294 139
3294 4081
2802 139
777 1691
2965 139
2965 602
2775 139
2775 3998
3501 139
3501 4082
3404 139
3404 1678
2318 139
3448 139
3448 4070
496 596
2876 139
2876 1869
876 2870
876 2871
876 2872
4083 3202
4083 1897
4083 1898
4083 1899
3093 139
3842 139
3842 211
2885 139
2738 139
2738 504
798 139
3396 139
3396 1466
3814 139
910 3340
3944 139
3944 91
1175 3279
2585 139
2704 139
2704 237
192 139
2711 139
4084 2362
4084 4085
4084 2363
1983 139
2484 685
1898 139
2360 139
332 1682
2108 139
4086 414
4086 416
4086 4064
2918 139
2918 453
3080 139
3080 954
2790 139
2790 389
1647 3480
1647 3481
1817 139
2243 139
244 139
1863 139
3405 139
3405 2302
2758 139
2758 4087
2911 139
4088 1091
4088 1093
4088 1678
3068 139
3068 174
4021 4039
4021 4040
3366 139
1413 139
1413 3672
1413 3673
3026 139
3026 1522
1374 139
3265 139
3265 1633
2835 139
2835 988
2603 139
4089 3146
4089 3147
4089 3166
4089 3167
3389 139
3389 1152
2387 139
2306 139
1629 139
1823 139
4090 2558
4090 2216
4090 2217
595 1437
1654 3507
4025 3668
3031 139
3031 560
706 943
2765 139
1370 139
716 139
1299 4091
1299 4092
2662 139
2662 2001
3321 139
3446 139
3446 4093
3853 139
3853 2372
3708 139
673 675
673 4028
3518 139
1051 1690
3125 139
3125 410
4032 4065
4032 2210
2660 139
2660 2001
1940 969
1940 3330
3200 139
3200 261
1367 139
3649 139
2795 139
3887 139
3887 500
1665 3941
1665 3942
1665 3961
1809 139
161 139
3661 139
3661 2512
805 139
3374 139
3374 4077
3250 139
3250 2518
3597 139
3597 341
1449 1602
1449 1603
1449 1604
3973 139
3973 2415
3279 139
382 2623
382 2890
382 2891
3704 139
3704 522
1812 139
2470 139
2934 139
2934 878
164 139
164 4010
1468 139
732 139
732 2080
2890 139
2631 139
2631 1074
2960 139
2960 602
2757 139
2757 4094
3407 139
3407 509
3882 139
3236 139
3236 270
3267 139
3267 1936
2010 3910
2010 3949
1384 139
2522 1950
3328 139
3328 1035
855 139
855 2128
855 2130
1286 139
643 139
786 139
786 3817
786 3826
4095 414
4095 1091
4095 416
4095 1093
437 139
437 3014
2105 139
2744 139
3277 139
3102 139
1248 3859
1248 3860
1248 3861
2233 139
302 3566
302 3568
302 3569
302 3570
302 3572
302 3573
302 3575
302 3577
302 3579
302 3580
302 3581
302 3582
302 3583
302 3584
302 3585
302 3586
302 3587
302 3588
302 3589
1853 139
1853 2972
1853 2977
37 3212
1916 139
1916 4076
1492 3201
1492 3208
1492 3216
1672 139
1672 465
1672 2128
1672 638
1510 139
460 139
2184 139
3815 139
799 139
3875 139
176 139
3873 139
1825 139
3694 139
3694 234
1155 3924
1155 1154
2626 139
562 3383
685 2483
685 2302
685 4002
1561 3148
1561 3149
337 139
337 2380
337 824
337 826
4096 1942
4096 1080
4096 1082
1360 139
1360 1682
776 1691
1997 3914
3849 139
3849 211
1006 2151
1006 2393
2288 139
3997 2535
3997 1545
884 3342
518 1602
518 1603
518 1604
518 3251
3697 139
3697 234
2545 139
2979 139
3079 139
3079 3087
3245 139
3245 2216
2935 139
2935 1208
3043 139
2573 139
3559 139
3559 692
2675 139
2675 2076
3524 139
1776 139
4097 3596
4097 3599
4097 3601
3713 139
3307 139
3149 139
3228 139
1862 139
91 3900
3112 139
3112 410
131 3963
1316 139
3304 139
3320 139
3320 4073
1833 139
3432 139
3432 4098
3221 139
3221 1446
453 2919
453 2920
453 2921
453 2924
453 2926
1271 139
3502 139
3502 4082
3476 139
3721 139
3721 1442
1963 139
1501 139
1501 2878
1501 2879
1501 2880
3297 139
3297 1919
2355 139
2994 139
2363 139
2363 4085
2828 139
2828 1138
3203 139
3203 2246
3688 139
3688 765
482 319
1899 139
996 139
3162 139
2308 139
1901 139
1901 1707
1901 1903
360 2856
1339 4056
1339 1338
1339 3947
3517 139
3517 1995
3786 139
1091 139
3048 139
2173 139
3802 139
3802 3804
2019 139
1814 139
3096 139
3949 139
737 139
3633 139
3633 328
1891 139
532 139
532 976
2469 139
3437 139
667 139
3829 139
3829 1024
3246 139
3246 373
275 139
2708 139
1105 139
2153 3238
1636 1094
3845 139
3845 211
2566 139
2947 139
2947 602
1009 139
1009 1010
1009 2001
578 2633
578 3658
578 3659
578 3660
2473 139
2217 2558
2217 1755
2217 4099
2130 857
1281 139
1281 4100
3826 139
3741 139
2453 1702
2453 4080
712 1714
3451 139
3451 4101
2316 139
3566 139
3672 139
1522 3019
1522 3022
1522 3024
1522 3027
1608 139
3568 139
147 139
4010 166
1830 139
1583 2618
1583 2731
1583 2732
1583 2735
2633 139
420 139
420 4102
522 3702
522 3705
3835 139
3835 1990
2186 139
3030 139
3030 560
3038 139
3038 226
3163 139
3359 139
3359 4078
4082 3503
179 139
2620 139
2620 389
2818 139
502 2641
502 2651
2763 139
2763 743
3135 139
3135 3143
3135 1074
3109 139
3109 410
3710 139
1747 139
3154 139
3154 972
3505 139
566 1431
566 3954
1903 1902
3748 139
1734 139
2666 139
2666 433
2110 139
1750 139
3801 139
3801 3804
1752 139
2940 139
2940 602
3871 139
3935 139
3935 1459
3935 558
2427 139
2427 2068
1652 4076
1652 3513
1652 3514
3466 139
2259 139
2259 1551
3118 139
3118 410
2971 139
2971 250
1882 139
3474 139
2621 139
2621 988
3509 139
3509 857
2809 139
3386 139
3386 469
3378 139
3378 4062
2698 139
2698 237
3393 139
3464 139
3867 139
3867 1196
3178 139
3894 139
3894 4103
4101 3450
4101 3452
2900 139
2900 801
3491 139
3491 990
3098 139
3147 139
3107 139
3107 410
2767 139
2767 743
3940 139
3940 1431
3940 1942
3940 1080
3940 1082
2846 139
2846 300
2967 139
2967 4041
3915 139
3275 139
2862 139
2862 378
832 585
832 3483
832 3484
2702 139
2702 237
2232 139
3131 139
3131 410
4058 1763
4058 1059
4058 1060
4058 4077
878 2930
878 2931
878 2932
878 2933
3024 139
2403 263
1835 139
2896 139
2896 4019
2619 139
4069 3094
263 2400
3436 139
3861 139
3510 139
3510 1865
3911 139
2909 139
344 139
2836 139
2836 988
3484 139
2474 139
1368 139
3888 139
3495 139
3495 2261
3544 139
3544 692
3561 139
3561 692
1678 3403
3671 139
2216 2558
2216 1755
2216 4099
2216 3244
2999 139
3074 139
3074 174
3282 139
3617 139
3617 328
3928 139
2246 3217
2246 3218
4092 1298
4092 679
4092 1300
4092 680
1806 3983
1806 3515
1611 848
1611 849
2714 139
2992 139
3738 139
353 139
130 139
3076 139
3076 3071
3076 3073
3356 139
3356 1796
1477 139
3212 139
2454 1943
2454 1085
743 139
1829 139
1120 139
237 2684
237 2686
237 2687
237 2688
237 2691
237 2692
237 2693
237 2694
237 2699
237 2701
237 2703
3676 139
1456 3426
3551 139
3551 692
3296 139
3296 2330
1732 139
3594 139
3594 1191
2879 139
1093 139
1881 139
3600 139
3600 341
1446 3219
1446 3220
1446 3229
3298 139
2995 139
2995 3000
3337 139
3337 2431
1824 139
3099 139
3385 139
3967 139
4039 4020
4039 4023
4039 2495
4039 4038
1166 139
739 139
1338 139
1338 4056
1873 139
2825 139
3097 139
3097 2007
1811 139
2785 139
2785 2780
2785 2781
2785 2782
2785 2783
4043 371
4043 372
2475 139
2558 4007
2558 428
2558 429
2558 2557
2558 1756
2558 4099
2823 139
2888 139
2888 1684
1684 2886
2799 139
3373 139
3373 4077
3430 139
3838 139
3838 1990
2274 139
3983 1805
2239 139
2239 657
3008 139
2677 139
2677 442
3230 139
3230 2272
3414 139
3414 1623
3414 464
3414 2313
3898 139
3898 84
4081 3292
4081 3293
1100 139
1765 139
3913 139
3913 102
2768 139
2015 3456
2015 3457
242 139
1432 565
1432 2417
2761 139
2761 4094
2508 139
3157 139
3157 549
3218 139
3683 139
3683 765
226 3039
226 3040
226 3042
226 3045
1511 139
2031 139
3222 139
3222 56
3045 139
1410 139
3978 139
3978 558
3645 139
3645 285
3340 139
3485 139
3485 590
3046 139
3046 890
3818 139
2471 139
2688 139
2933 139
3392 139
3103 139
3614 139
3614 328
3914 139
3558 139
3558 692
2658 139
2658 2001
1713 4007
1713 3241
2692 139
3580 139
921 139
1644 139
433 2664
433 2665
139 2616
139 2617
139 2618
139 1807
139 2623
139 2625
139 2627
139 2629
139 2630
139 1308
139 1719
139 2632
139 2634
139 2635
139 2461
139 2636
139 2638
139 2639
139 2641
139 2645
139 2651
139 2653
139 2655
139 2656
139 2657
139 2659
139 2661
139 2663
139 2664
139 2665
139 615
139 527
139 2676
139 2076
139 2050
139 2678
139 2679
139 2052
139 2681
139 2684
139 2685
139 2686
139 2687
139 2691
139 2693
139 2694
139 2699
139 2701
139 2703
139 2709
139 2713
139 2719
139 2720
139 2721
139 2722
139 2724
139 2725
139 2727
139 2728
139 2730
139 2731
139 2732
139 2735
139 2739
139 504
139 2743
139 2746
139 2747
139 1234
139 2751
139 2752
139 2753
139 1237
139 298
139 1238
139 188
139 189
139 190
139 191
139 2756
139 2759
139 2762
139 2769
139 2770
139 2771
139 2772
139 2773
139 2208
139 2776
139 1808
139 1810
139 2778
139 2779
139 2214
139 2096
139 2098
139 2780
139 2781
139 2104
139 2106
139 2113
139 2114
139 2116
139 2117
139 2118
139 2120
139 2121
139 2124
139 2782
139 2783
139 1476
139 2787
139 2605
139 1478
139 2788
139 2791
139 2792
139 2793
139 2796
139 2797
139 2798
139 2800
139 2801
139 2804
139 2805
139 2807
139 2811
139 2814
139 2817
139 2819
139 2820
139 2821
139 2822
139 421
139 1102
139 1103
139 2586
139 2587
139 2588
139 2591
139 2827
139 2592
139 2593
139 1138
139 2829
139 795
139 2830
139 2831
139 2833
139 2834
139 2444
139 2838
139 1110
139 2841
139 1114
139 2843
139 2845
139 2847
139 2848
139 2851
139 1512
139 2852
139 2853
139 2017
139 2018
139 2856
139 2857
139 2858
139 2386
139 2406
139 2407
139 1839
139 1840
139 2408
139 2861
139 2864
139 2867
139 2870
139 2871
139 2872
139 2873
139 457
139 458
139 1668
139 459
139 2875
139 2877
139 2878
139 2880
139 2882
139 2883
139 2886
139 1519
139 2891
139 1127
139 2893
139 1131
139 1693
139 2227
139 2897
139 2898
139 2899
139 2901
139 2905
139 2906
139 2907
139 145
139 2908
139 627
139 2354
139 2356
139 2359
139 2362
139 2912
139 2913
139 2914
139 2915
139 2919
139 2920
139 2921
139 2922
139 2924
139 1260
139 2926
139 2927
139 2928
139 2929
139 1961
139 2930
139 2931
139 2932
139 2936
139 2937
139 2939
139 2943
139 2944
139 2945
139 2946
139 2948
139 2949
139 2951
139 2952
139 2956
139 2958
139 2959
139 2961
139 2962
139 2963
139 2964
139 1208
139 2968
139 2970
139 2972
139 2973
139 2974
139 2975
139 2976
139 2977
139 2978
139 2980
139 892
139 893
139 894
139 900
139 901
139 2169
139 2170
139 904
139 2171
139 2172
139 2983
139 908
139 2985
139 2174
139 2986
139 2988
139 2989
139 2993
139 2996
139 2997
139 347
139 3000
139 3002
139 3003
139 3005
139 3009
139 3010
139 1381
139 3012
139 1733
139 2034
139 2035
139 1735
139 1736
139 2038
139 2039
139 2040
139 3014
139 3019
139 3022
139 3023
139 1953
139 3025
139 3027
139 2231
139 3032
139 2234
139 560
139 3033
139 3035
139 3036
139 2347
139 3039
139 3040
139 3042
139 3047
139 3049
139 3050
139 3052
139 701
139 702
139 3055
139 3056
139 3058
139 3061
139 3062
139 3063
139 3064
139 3067
139 3069
139 3070
139 3071
139 3072
139 3073
139 3077
139 3081
139 3082
139 3083
139 3084
139 3085
139 3087
139 736
139 738
139 740
139 3094
139 741
139 3095
139 1641
139 1642
139 3100
139 2007
139 3104
139 3106
139 3108
139 3110
139 3111
139 3113
139 3114
139 3115
139 3119
139 3121
139 3123
139 3124
139 3126
139 3127
139 3128
139 3129
139 3130
139 3132
139 956
139 3133
139 3137
139 3138
139 3139
139 3140
139 3141
139 3143
139 2337
139 1585
139 3145
139 3146
139 3148
139 3150
139 3151
139 3153
139 3155
139 3156
139 3158
139 3159
139 3160
139 1687
139 3164
139 1241
139 1984
139 1587
139 2604
139 3165
139 3166
139 3167
139 1213
139 1214
139 3169
139 3171
139 2509
139 3177
139 3179
139 2546
139 3180
139 3181
139 3182
139 3184
139 3185
139 3187
139 3188
139 3190
139 3191
139 3193
139 3194
139 445
139 3199
139 3201
139 3202
139 3205
139 3206
139 3207
139 672
139 675
139 3208
139 3211
139 3215
139 43
139 3216
139 1897
139 2088
139 3217
139 1569
139 3219
139 3220
139 3225
139 3226
139 428
139 371
139 429
139 372
139 1272
139 3229
139 3231
139 3233
139 3234
139 859
139 861
139 2398
139 3238
139 3239
139 3240
139 3241
139 3244
139 3247
139 3251
139 2291
139 2218
139 3253
139 3255
139 2293
139 2220
139 2294
139 3256
139 1821
139 1822
139 2608
139 3258
139 3261
139 3262
139 3266
139 3269
139 3270
139 3273
139 1787
139 3274
139 345
139 2093
139 2094
139 3276
139 3278
139 782
139 783
139 784
139 3281
139 3283
139 3284
139 3285
139 3286
139 1738
139 1740
139 3288
139 3289
139 3290
139 3292
139 3293
139 3299
139 3300
139 3302
139 3303
139 3305
139 3308
139 2200
139 216
139 217
139 3309
139 3311
139 749
139 3312
139 750
139 1923
139 2204
139 2205
139 2206
139 2207
139 355
139 3315
139 3316
139 218
139 219
139 3319
139 3322
139 3323
139 3324
139 3325
139 3326
139 3330
139 647
139 916
139 917
139 350
139 3333
139 3335
139 414
139 1162
139 416
139 1094
139 778
139 3338
139 3342
139 3343
139 3345
139 3347
139 3348
139 3349
139 3350
139 1179
139 925
139 3353
139 3355
139 3358
139 3361
139 3363
139 1040
139 3365
139 3367
139 3369
139 3370
139 3371
139 3375
139 3377
139 3380
139 3381
139 3383
139 3384
139 1590
139 1630
139 3388
139 3390
139 3391
139 3395
139 2498
139 2499
139 3397
139 1284
139 3401
139 3402
139 2554
139 2555
139 3403
139 2449
139 2451
139 3406
139 2023
139 255
139 257
139 3411
139 3412
139 2535
139 165
139 166
139 1805
139 3415
139 3416
139 3418
139 3419
139 3422
139 3423
139 3424
139 3425
139 3426
139 3427
139 3428
139 3429
139 3433
139 3434
139 864
139 3435
139 2185
139 912
139 914
139 1474
139 1475
139 980
139 981
139 1969
139 3441
139 3442
139 865
139 866
139 3443
139 3444
139 3445
139 3447
139 3450
139 3452
139 3453
139 3454
139 3455
139 3456
139 3457
139 3459
139 3461
139 3462
139 3463
139 3465
139 3468
139 1165
139 3472
139 1885
139 3473
139 2491
139 2492
139 486
139 3479
139 3480
139 3481
139 1889
139 1890
139 1887
139 3483
139 3486
139 3489
139 3490
139 3492
139 2180
139 2181
139 2486
139 3493
139 3494
139 2315
139 3498
139 3500
139 640
139 3503
139 3504
139 3506
139 3507
139 3508
139 3511
139 2384
139 2385
139 3513
139 3514
139 613
139 3515
139 1828
139 3520
139 3521
139 3525
139 3526
139 3527
139 3528
139 3529
139 3530
139 3532
139 3535
139 1311
139 1312
139 1313
139 2244
139 3539
139 1315
139 182
139 1767
139 1768
139 1770
139 1773
139 1775
139 1778
139 1902
139 3540
139 3541
139 3542
139 3543
139 3545
139 3546
139 3550
139 3553
139 3554
139 3555
139 3556
139 3560
139 692
139 3569
139 3570
139 3572
139 3573
139 3575
139 3577
139 3579
139 3581
139 3582
139 3583
139 3584
139 3585
139 3586
139 3587
139 3588
139 3589
139 3591
139 3592
139 3593
139 1726
139 819
139 1191
139 3596
139 3598
139 3599
139 3601
139 1679
139 1680
139 1681
139 2285
139 3603
139 3604
139 3605
139 3609
139 2056
139 644
139 645
139 1841
139 1842
139 715
139 718
139 3612
139 3615
139 3616
139 3619
139 3620
139 3621
139 3623
139 3624
139 3626
139 3627
139 3631
139 3632
139 3634
139 3639
139 3640
139 3641
139 3643
139 3644
139 3646
139 328
139 3648
139 2472
139 3653
139 2477
139 3658
139 3659
139 3660
139 3663
139 3664
139 2512
139 3668
139 3673
139 3674
139 3677
139 3678
139 3681
139 3685
139 995
139 3690
139 765
139 997
139 3695
139 3696
139 3698
139 807
139 808
139 3702
139 3705
139 3709
139 3711
139 1834
139 1836
139 3714
139 3715
139 3716
139 3719
139 3724
139 3725
139 3726
139 3727
139 3729
139 2342
139 2343
139 2462
139 2464
139 3731
139 315
139 1860
139 1861
139 3733
139 228
139 3734
139 3744
139 3745
139 3746
139 3747
139 3749
139 3750
139 3751
139 3753
139 3754
139 3755
139 3756
139 3760
139 3761
139 3762
139 3763
139 2340
139 3764
139 3765
139 150
139 151
139 152
139 153
139 3768
139 154
139 3769
139 3770
139 2276
139 2277
139 2278
139 2280
139 243
139 246
139 247
139 248
139 3771
139 3772
139 3776
139 3778
139 3779
139 3781
139 3783
139 362
139 3784
139 2502
139 1117
139 2503
139 2504
139 1121
139 1122
139 1123
139 3787
139 3788
139 3789
139 3790
139 3793
139 3794
139 1280
139 1282
139 3795
139 2376
139 2377
139 3799
139 3800
139 2379
139 3804
139 3807
139 3808
139 2410
139 2411
139 2440
139 3809
139 3810
139 3811
139 3817
139 3821
139 3822
139 3823
139 3824
139 3825
139 2600
139 2601
139 2602
139 3827
139 3828
139 3830
139 3831
139 1371
139 1372
139 3833
139 3834
139 3836
139 3837
139 3840
139 3841
139 3843
139 3846
139 3847
139 3850
139 3852
139 3856
139 418
139 211
139 3857
139 3859
139 3860
139 3866
139 2026
139 2028
139 3869
139 3870
139 3872
139 3874
139 1745
139 1746
139 1751
139 3876
139 3878
139 3879
139 3880
139 3881
139 3884
139 3885
139 1866
139 1847
139 1848
139 3890
139 3892
139 1204
139 943
139 3895
139 3897
139 1388
139 3899
139 3900
139 3902
139 3903
139 3904
139 3905
139 3907
139 2457
139 666
139 3908
139 3910
139 3912
139 3916
139 3917
139 3920
139 3924
139 3926
139 3929
139 3930
139 1576
139 1577
139 3931
139 3934
139 2305
139 111
139 3937
139 1225
139 3939
139 494
139 2151
139 2073
139 1322
139 3941
139 1154
139 3942
139 3946
139 3947
139 2459
139 3948
139 3950
139 2383
139 3954
139 1358
139 2082
139 3956
139 3958
139 3959
139 1359
139 3960
139 3961
139 3962
139 3963
139 3964
139 3965
139 3970
139 3972
139 986
139 3975
139 3977
3052 890
3962 1851
960 3155
960 3171
1691 775
1691 778
3422 2615
3000 2986
3000 2997
1243 1241
3350 2005
3539 182
3285 4104
3345 2442
4035 3061
4035 3062
3415 4098
2615 3423
2851 300
3402 4079
1210 3459
2949 1208
4014 2068
4014 2070
4014 1912
1802 1801
3159 549
3353 2021
826 1687
590 3486
3884 1981
2864 324
428 1755
428 1756
2882 1143
2663 615
3546 692
3206 2610
1169 4034
3442 828
560 3032
426 3158
3634 328
3266 1936
442 2678
442 2679
442 2681
3727 1442
4019 2893
3070 174
3184 445
3273 2540
3181 445
500 3885
3623 328
3648 285
2776 2214
1282 4100
2959 1208
3323 1000
3124 410
4066 1763
4066 1063
3696 234
617 3286
264 3981
264 1336
3632 285
4087 2759
4087 2762
3454 4105
3779 362
3468 2570
211 3840
211 3841
211 3843
211 3846
211 3847
211 3850
211 3852
890 2625
890 3047
890 3049
890 3050
3942 3941
2944 1208
2939 602
3355 1796
3119 410
4028 672
4028 674
4028 675
421 4102
3908 1530
3764 488
3540 692
4078 3358
2410 1221
4038 4106
1240 2525
536 319
2685 1463
3283 4104
3678 765
2853 300
1057 3261
1057 3262
3731 315
3810 1979
1358 1682
3009 1381
2012 3492
3621 285
3338 2431
1526 2208
3765 488
2557 371
2557 372
2302 3406
3643 285
4105 3453
4105 3455
3996 753
3996 755
3418 2327
2406 1938
3123 410
588 4030
2788 389
4094 2756
778 4034
3463 2332
3837 1990
2127 572
2127 574
2127 1000
3784 186
2912 1260
3133 3143
3133 1074
2636 186
1707 1902
3866 1196
1658 513
1658 3211
2256 753
2256 755
2256 3472
4030 498
4030 1547
2831 988
4033 3807
4033 3808
1047 2393
1047 1438
285 2632
285 3620
285 3624
285 3626
285 3631
285 3639
285 3640
285 3644
3770 488
538 2490
422 4102
4093 3444
4093 3445
2956 602
1702 4080
1702 596
3447 4070
174 2627
174 3063
174 3064
174 3067
174 3069
174 3072
2261 3494
3977 1085
958 956
3115 410
3165 1950
3233 56
3543 692
2958 602
3361 4036
2898 801
513 1659
2962 602
3316 357
3130 410
2778 2214
2495 4106
2495 2088
1442 3716
1442 3719
1442 3724
1442 3725
1442 3726
410 2630
410 3104
410 3106
410 3108
410 3110
410 3111
410 3113
410 3114
410 3121
410 3126
410 3128
410 3129
410 3132
3258 1855
2655 816
1381 3002
1381 3003
3143 3139
3143 3140
3095 2007
1912 4107
1437 2417
3150 4049
2407 1938
3627 328
3612 328
2332 3462
3714 2191
2753 298
3087 3077
3087 3081
3087 3083
3500 1545
1690 1495
4100 1280
3948 1530
390 1755
390 1756
390 373
3542 692
972 3153
972 3169
2362 4085
1756 429
2653 929
672 675
2951 602
1525 2208
1536 2968
4062 3380
3937 4045
2638 1990
3207 2610
389 2787
389 2791
696 3690
3556 692
729 3397
2852 300
1431 2417
3084 954
4001 2720
1414 1267
3270 1855
3834 1990
509 3335
324 2867
2833 988
2003 3416
4041 2970
224 2709
362 3781
1932 3180
2845 300
2946 602
1059 4057
2779 2214
3309 1035
3315 1003
2076 2676
2657 816
3663 2512
4016 3255
429 1755
1074 3137
1074 3138
1074 3141
418 3856
1221 2411
3831 1024
2007 3100
1995 3506
3305 2236
4098 3433
4098 3434
4020 4040
2936 602
1866 4103
431 4065
431 2210
3419 2327
3151 4049
2948 1208
283 1148
283 281
750 1958
3646 328
416 4108
2659 2001
3836 1990
1208 2943
1208 2963
2393 2417
2848 300
828 3441
3833 1990
4036 3363
1094 2210
2520 3343
3411 1865
2730 1922
3425 2420
2827 1138
3284 4104
1024 3830
3300 849
300 2843
3592 1191
2424 3874
2964 602
2899 801
3367 4072
2068 4107
2068 2428
819 1191
1300 4091
1298 4091
3391 1065
4031 3609
754 862
3892 4103
4077 4057
4003 2579
4003 2581
4003 2583
2983 2985
3312 1250
4064 4108
3695 234
4023 4106
4023 4040
2913 1260
1143 2877
1085 2455
1085 1943
2656 929
674 675
4108 414
2961 602
3190 445
1035 3311
2196 3489
3412 1865
679 4091
3981 4056
2661 2001
84 3899
3187 445
1191 3593
1260 2914
1260 2915
1260 2922
4042 3902
4042 3903
602 2937
602 2945
602 2952
3185 445
2272 3231
4067 1763
4067 1063
491 3964
3085 954
2739 504
3182 445
3795 3804
1065 3390
3890 4103
3827 1979
4073 3319
2861 378
824 1687
1084 1942
1084 1943
749 1958
3616 328
282 1148
282 281
2512 3664
3177 1489
3205 462
929 2645
3193 445
213 2907
3553 692
765 3681
765 3685
3768 488
2634 234
988 2830
988 2834
988 2838
2535 400
2191 3715
4079 3401
3992 4045
954 3082
4057 1060
3322 1000
328 3615
328 3619
328 3641
1250 1923
3560 692
3194 445
2525 1950
3493 326
1942 2455
488 3763
488 3769
3191 445
3545 692
1359 1682
2725 1922
186 3778
186 3783
990 3490
56 3234
445 3188
234 3698
3555 692
2070 4107
3511 1865
1152 3388
1252 1923
2901 801
2616 2001
2420 3424
3550 692
3247 373