0 1
0 2
1 2
0 7
0 17
0 3
0 20
0 19
0 24
0 26
0 29
0 11
0 40
0 51
0 50
0 36
0 34
0 67
0 70
0 65
0 69
0 66
0 73
0 88
1 7
1 24
1 67
1 73
1 29
1 70
1 66
1 80
1 88
1 48
1 97
1 99
1 102
1 104
1 94
1 95
1 96
2 94
2 93
2 99
2 98
2 97
2 73
2 102
2 104
2 70
2 24
3 4
5 6
6 7
3 6
3 7
4 6
4 8
6 8
4 9
9 10
4 10
11 12
11 13
12 13
3 14
7 14
14 15
3 16
7 16
14 16
4 11
9 11
4 13
13 14
12 14
3 13
3 12
12 17
3 17
13 17
7 12
7 18
14 18
3 18
12 18
14 17
3 19
19 20
17 19
3 20
17 20
14 21
20 21
3 21
17 21
14 20
20 22
3 22
17 22
20 23
14 23
3 23
17 23
20 24
17 24
7 13
11 25
20 26
20 27
26 27
14 26
3 26
14 27
3 27
7 20
7 23
19 24
19 26
3 24
24 26
17 26
28 29
23 29
21 23
20 29
14 29
17 29
21 29
3 29
14 28
17 28
3 30
20 30
27 30
23 26
12 20
18 20
11 31
11 14
3 11
14 31
3 31
3 32
3 33
3 34
3 35
32 33
32 34
20 32
32 35
33 34
20 33
33 35
20 34
34 35
20 35
11 36
31 36
7 34
7 32
7 33
16 17
4 25
16 20
12 16
7 17
11 37
4 37
25 37
9 25
18 38
20 38
14 37
4 17
8 10
38 39
18 39
20 39
11 17
11 41
11 42
41 42
11 32
11 34
11 33
32 36
34 36
33 36
14 40
7 40
20 40
5 7
13 20
17 43
20 43
43 44
43 45
17 44
17 45
20 44
20 45
44 45
7 46
46 47
7 47
46 48
48 49
7 48
46 49
7 49
24 50
24 51
24 52
20 50
20 51
20 52
50 51
17 50
50 52
17 51
51 52
17 52
7 36
7 11
7 41
36 41
14 36
34 41
14 34
32 41
14 32
14 41
17 32
14 42
17 53
49 53
54 55
4 54
4 55
7 54
7 55
4 7
7 53
20 54
20 55
4 20
20 53
17 54
53 54
17 55
53 55
4 53
32 53
33 56
34 53
17 34
11 53
7 57
20 57
11 20
7 58
20 58
20 36
7 24
11 24
24 36
17 36
36 59
36 60
36 61
17 59
59 60
59 61
17 60
17 61
60 61
17 40
24 40
34 62
7 63
7 64
4 58
20 63
32 63
34 63
36 65
3 36
24 34
11 66
24 65
67 68
68 69
67 69
66 70
51 67
50 67
24 67
24 70
67 70
51 70
7 67
7 70
71 72
66 71
66 72
7 73
67 73
30 73
29 73
24 73
70 71
70 72
70 73
7 66
74 75
74 76
67 74
75 76
67 75
67 76
69 70
70 77
67 77
69 77
24 69
24 77
76 77
75 77
69 76
77 78
69 75
67 78
73 80
70 80
24 81
73 82
24 80
83 84
66 83
66 84
70 81
67 85
76 86
67 82
66 87
83 87
34 67
48 83
48 66
73 88
70 88
24 88
66 88
66 73
48 88
24 48
24 66
48 73
48 70
66 67
67 88
66 89
24 90
24 29
29 67
29 91
24 91
73 91
70 91
67 90
29 90
60 73
73 92
60 88
88 92
60 92
24 60
60 70
60 67
24 92
70 92
67 92
11 67
76 88
76 92
20 66
20 67
93 94
93 95
94 95
95 96
93 96
94 96
96 97
95 100
98 99
94 97
100 101
95 101
96 100
97 99
73 99
73 97
73 102
99 102
97 102
100 103
95 103
73 104
97 104
99 104
73 94
70 94
70 97
95 99
94 105
92 94
24 94
94 106
73 105
92 105
97 105
70 105
24 105
105 106
73 106
92 97
92 106
24 97
97 106
70 106
24 106
73 96
100 108
94 109
105 110
73 95
95 97
110 111
107 111
94 111
109 111
107 110
94 110
109 110
94 107
107 109
70 99
67 99